8 10 


1 0 0 1 
2 0 0 1 
3 0 0 1 
4 0 0 1 
5 0 0 1 
6 0 0 1 
7 0 0 1 
8 0 0 1 
1 1 1 47 
1 2 1 56 
1 3 1 51 
1 4 1 55 
1 5 1 0 
1 6 1 0 
1 7 1 0 
1 8 1 0 
1 9 1 0 
1 10 1 0 
2 1 1 52 
2 2 1 52 
2 3 1 45 
2 4 1 48 
2 5 1 0 
2 6 1 0 
2 7 1 0 
2 8 1 0 
2 9 1 0 
2 10 1 0 
3 1 1 53 
3 2 1 47 
3 3 1 49 
3 4 1 44 
3 5 1 0 
3 6 1 0 
3 7 1 0 
3 8 1 0 
3 9 1 0 
3 10 1 0 
4 1 1 60 
4 2 1 1797693
4 3 1 314 
4 4 1 53 
4 5 1 0 
4 6 1 0 
4 7 1 0 
4 8 1 0 
4 9 1 0 
4 10 1 0 
5 1 1 456 
5 2 1 70 
5 3 1 170 
5 4 1 62 
5 5 1 0 
5 6 1 0 
5 7 1 0 
5 8 1 0 
5 9 1 0 
5 10 1 0 
6 1 1 103 
6 2 1 60 
6 3 1 162 
6 4 1 78 
6 5 1 0 
6 6 1 0 
6 7 1 0 
6 8 1 0 
6 9 1 0 
6 10 1 0 
7 1 1 91 
7 2 1 77 
7 3 1 83 
7 4 1 73 
7 5 1 0 
7 6 1 0 
7 7 1 0 
7 8 1 0 
7 9 1 0 
7 10 1 0 
8 1 1 77 
8 2 1 74 
8 3 1 70 
8 4 1 64 
8 5 1 0 
8 6 1 0 
8 7 1 0 
8 8 1 0 
8 9 1 0 
8 10 1 0 
-1 
