VARIABLES: MACH,ALTITUDE,SIDESLIP,DEL1,DEL2,DEL3,DEL4
           ROWS, TOTAL COLUMNS, COLUMNS OF DERIVATIVES
DATA:      ALPHA,CN,CM,CA,CY,CLN,CLL,CNQ,CMQ,CAQ,CYR,CLNR,CLLR,CYP,CLNP,CLLP
    0.40       0.0    0.00       0.0     0.0     0.0     0.0
    19.0    16.0     9.0
-0.30E+02  -0.1924E+01   0.3060E+00  -0.8683E-02   0.1136E-06  -0.1534E-07   0.5320E-08   0.6170E+00  -0.1799E+01   0.2588E-03   0.3735E+00  -0.3124E+00  -0.1549E+00   0.3400E+00  -0.1940E+00   0.2807E+00
-0.25E+02  -0.2072E+01   0.4131E+00   0.1165E-01   0.1353E-06  -0.1541E-07   0.5320E-08   0.2982E+01  -0.6839E+01  -0.4346E-02   0.8562E+00  -0.6867E+00   0.1076E-01   0.3948E-01   0.2367E-01   0.1381E+00
-0.20E+02  -0.1950E+01   0.4072E+00   0.2347E-01   0.1256E-06  -0.7868E-08  -0.5320E-08   0.4370E+01  -0.9555E+01  -0.1535E+00   0.1270E+01  -0.1008E+01   0.1533E+00  -0.1981E+00   0.1394E+00  -0.1027E+00
-0.15E+02  -0.1636E+01   0.3410E+00   0.2481E-01   0.1281E-06  -0.2290E-07   0.0000E+00   0.6043E+01  -0.1275E+02  -0.2200E+00   0.1874E+01  -0.1475E+01   0.3609E+00  -0.3547E+00   0.1601E+00  -0.3931E+00
-0.10E+02  -0.1108E+01   0.2203E+00   0.2343E-01   0.8460E-07  -0.1151E-07   0.0000E+00   0.6364E+01  -0.1313E+02   0.3246E+00   0.2150E+01  -0.1690E+01   0.4566E+00  -0.2859E+00   0.2834E-01  -0.5638E+00
-0.50E+01  -0.5402E+00   0.1039E+00   0.3062E-01   0.2651E-07   0.5557E-08  -0.5320E-08   0.6272E+01  -0.1293E+02   0.1013E+00   0.2140E+01  -0.1681E+01   0.4533E+00  -0.2917E+00   0.3193E-01  -0.5993E+00
 0.00E+00   0.0000E+00   0.0000E+00   0.3273E-01   0.0000E+00   0.0000E+00   0.0000E+00   0.6249E+01  -0.1291E+02  -0.1050E+00   0.2108E+01  -0.1657E+01   0.4427E+00  -0.3055E+00   0.4733E-01  -0.6357E+00
 0.50E+01   0.5349E+00  -0.9623E-01   0.3080E-01  -0.2894E-07  -0.3673E-08   0.3990E-08   0.6321E+01  -0.1304E+02  -0.3103E+00   0.2138E+01  -0.1681E+01   0.4529E+00  -0.3069E+00   0.4369E-01  -0.6049E+00
 0.10E+02   0.1085E+01  -0.1860E+00   0.2496E-01  -0.9193E-07   0.2279E-07  -0.5320E-08   0.6303E+01  -0.1300E+02  -0.2862E-01   0.2154E+01  -0.1693E+01   0.4580E+00  -0.3168E+00   0.5240E-01  -0.5751E+00
 0.15E+02   0.1590E+01  -0.2635E+00   0.2034E-01  -0.1452E-06   0.3796E-07  -0.2660E-07   0.5515E+01  -0.1160E+02   0.3983E+00   0.2126E+01  -0.1671E+01   0.4478E+00  -0.4341E+00   0.2185E+00  -0.4293E+00
 0.20E+02   0.1908E+01  -0.3216E+00   0.2053E-01  -0.1159E-06   0.3305E-09   0.2660E-08   0.4358E+01  -0.9508E+01   0.1472E+00   0.1802E+01  -0.1420E+01   0.3358E+00  -0.4172E+00   0.3030E+00  -0.1951E+00
 0.25E+02   0.2055E+01  -0.3505E+00   0.1146E-01  -0.1353E-06   0.1541E-07  -0.5320E-08   0.3335E+01  -0.7543E+01   0.1054E-01   0.1471E+01  -0.1163E+01   0.2216E+00  -0.2791E+00   0.2543E+00  -0.1275E-01
 0.30E+02   0.1976E+01  -0.3531E+00  -0.8707E-02  -0.1039E-06   0.7806E-08   0.5320E-08   0.2734E+01  -0.6479E+01   0.2290E-02   0.1164E+01  -0.9253E+00   0.1160E+00  -0.6697E-01   0.1393E+00   0.1796E+00
 0.35E+02   0.2020E+01  -0.3530E+00   0.2501E-01  -0.1039E-06   0.1532E-07   0.0000E+00   0.1330E+01  -0.3019E+01  -0.3488E-02   0.9757E+00  -0.7792E+00   0.5203E-01  -0.7100E-01   0.5743E-01  -0.1972E-01
 0.40E+02   0.2171E+01  -0.3200E+00   0.2295E-01  -0.1137E-06   0.2285E-07   0.5320E-08   0.7636E+00  -0.1690E+01   0.0000E+00   0.2633E+00  -0.2266E+00  -0.1922E+00   0.1903E+00  -0.1638E+00   0.3032E-01
 0.45E+02   0.2312E+01  -0.2299E+00   0.2089E-01  -0.1136E-06   0.1534E-07   0.0000E+00   0.2331E+01  -0.5090E+01   0.0000E+00   0.6974E+00  -0.5634E+00  -0.4329E-01   0.1579E-01  -0.2828E-01  -0.3196E-01
 0.50E+02   0.2511E+01  -0.2278E+00   0.1883E-01  -0.1208E-06   0.1536E-07   0.0000E+00   0.2862E+01  -0.6194E+01   0.0000E+00   0.9045E+00  -0.7239E+00   0.2782E-01  -0.5188E-01   0.1806E-01  -0.6993E-01
 0.55E+02   0.2715E+01  -0.2579E+00   0.1684E-01  -0.1160E-06   0.7841E-08   0.1064E-07   0.3079E+01  -0.6701E+01   0.0000E+00   0.1067E+01  -0.8504E+00   0.8369E-01  -0.8254E-01   0.4912E-01  -0.6350E-01
 0.60E+02   0.2916E+01  -0.3085E+00   0.1497E-01  -0.1256E-06   0.7868E-08   0.5320E-08   0.3129E+01  -0.6803E+01   0.0000E+00   0.1108E+01  -0.8814E+00   0.9742E-01  -0.8153E-01   0.4942E-01  -0.6023E-01
    2.00       0.0    0.00       0.0     0.0     0.0     0.0
    19.0    16.0     9.0
-0.30E+02  -0.2481E+01   0.6945E+00   0.1248E+00   0.1410E-06  -0.3991E-07  -0.5320E-08   0.4297E+01  -0.8269E+01   0.0000E+00   0.1170E+01  -0.9517E+00   0.1840E+00  -0.1877E+00   0.1028E+00  -0.2211E+00
-0.25E+02  -0.2091E+01   0.5910E+00   0.1400E+00   0.1041E-06  -0.1911E-07  -0.7979E-08   0.4843E+01  -0.9094E+01   0.0000E+00   0.1298E+01  -0.1056E+01   0.2399E+00  -0.2318E+00   0.1216E+00  -0.2895E+00
-0.20E+02  -0.1643E+01   0.4754E+00   0.1535E+00   0.1012E-06  -0.2933E-07  -0.2660E-08   0.5241E+01  -0.9680E+01   0.0000E+00   0.1392E+01  -0.1133E+01   0.2812E+00  -0.2590E+00   0.1292E+00  -0.3308E+00
-0.15E+02  -0.1169E+01   0.3536E+00   0.1647E+00   0.6584E-07  -0.1138E-07  -0.2660E-08   0.5464E+01  -0.9972E+01   0.0000E+00   0.1450E+01  -0.1181E+01   0.3075E+00  -0.2736E+00   0.1302E+00  -0.3771E+00
-0.10E+02  -0.7206E+00   0.2303E+00   0.1731E+00   0.3632E-07  -0.2162E-08  -0.3990E-08   0.5523E+01  -0.1000E+02   0.0000E+00   0.1475E+01  -0.1201E+01   0.3190E+00  -0.2811E+00   0.1303E+00  -0.3979E+00
-0.50E+01  -0.3343E+00   0.1089E+00   0.1783E+00   0.2144E-07  -0.4168E-08  -0.6649E-09   0.5385E+01  -0.9743E+01   0.0000E+00   0.1458E+01  -0.1187E+01   0.3127E+00  -0.2822E+00   0.1319E+00  -0.4221E+00
 0.00E+00   0.0000E+00   0.0000E+00   0.1800E+00   0.0000E+00   0.0000E+00   0.0000E+00   0.5293E+01  -0.9704E+01   0.0000E+00   0.1418E+01  -0.1155E+01   0.2960E+00  -0.2780E+00   0.1348E+00  -0.4218E+00
 0.50E+01   0.3315E+00  -0.1045E+00   0.1783E+00  -0.2337E-07   0.5750E-08  -0.6649E-09   0.5474E+01  -0.9936E+01   0.0000E+00   0.1456E+01  -0.1186E+01   0.3121E+00  -0.2871E+00   0.1359E+00  -0.4244E+00
 0.10E+02   0.7067E+00  -0.2070E+00   0.1731E+00  -0.4830E-07   0.1436E-07   0.2660E-08   0.5501E+01  -0.9958E+01   0.0000E+00   0.1477E+01  -0.1203E+01   0.3200E+00  -0.2921E+00   0.1392E+00  -0.4035E+00
 0.15E+02   0.1134E+01  -0.2931E+00   0.1647E+00  -0.5895E-07   0.1047E-07   0.1330E-07   0.5410E+01  -0.9861E+01   0.0000E+00   0.1479E+01  -0.1205E+01   0.3205E+00  -0.2943E+00   0.1469E+00  -0.3878E+00
 0.20E+02   0.1582E+01  -0.3661E+00   0.1535E+00  -0.9192E-07   0.2014E-07   0.0000E+00   0.5265E+01  -0.9751E+01   0.0000E+00   0.1475E+01  -0.1202E+01   0.3179E+00  -0.2933E+00   0.1564E+00  -0.3498E+00
 0.25E+02   0.2005E+01  -0.4342E+00   0.1400E+00  -0.1096E-06   0.2513E-07   0.2660E-08   0.5066E+01  -0.9603E+01   0.0000E+00   0.1474E+01  -0.1201E+01   0.3168E+00  -0.2911E+00   0.1683E+00  -0.3215E+00
 0.30E+02   0.2379E+01  -0.5057E+00   0.1248E+00  -0.1025E-06   0.8279E-08   0.1064E-07   0.4789E+01  -0.9374E+01   0.0000E+00   0.1462E+01  -0.1191E+01   0.3105E+00  -0.2808E+00   0.1766E+00  -0.2700E+00
 0.35E+02   0.2737E+01  -0.5714E+00   0.1086E+00  -0.1394E-06   0.2908E-07  -0.2660E-08   0.4559E+01  -0.9145E+01   0.0000E+00   0.1443E+01  -0.1176E+01   0.3016E+00  -0.2636E+00   0.1753E+00  -0.2268E+00
 0.40E+02   0.3068E+01  -0.6435E+00   0.9228E-01  -0.1486E-06   0.3030E-07   0.0000E+00   0.4322E+01  -0.8823E+01   0.0000E+00   0.1413E+01  -0.1152E+01   0.2884E+00  -0.2405E+00   0.1656E+00  -0.1944E+00
 0.45E+02   0.3396E+01  -0.7315E+00   0.7645E-01  -0.1609E-06   0.3724E-07   0.1064E-07   0.4095E+01  -0.8311E+01   0.0000E+00   0.1343E+01  -0.1094E+01   0.2577E+00  -0.2058E+00   0.1400E+00  -0.1710E+00
 0.50E+02   0.3701E+01  -0.8158E+00   0.6189E-01  -0.1638E-06   0.2702E-07   0.5320E-08   0.3865E+01  -0.7979E+01   0.0000E+00   0.1273E+01  -0.1037E+01   0.2272E+00  -0.1672E+00   0.1161E+00  -0.1323E+00
 0.55E+02   0.4008E+01  -0.9112E+00   0.4928E-01  -0.1715E-06   0.3334E-07   0.2660E-07   0.3755E+01  -0.7773E+01   0.0000E+00   0.1233E+01  -0.1004E+01   0.2100E+00  -0.1420E+00   0.9828E-01  -0.1132E+00
 0.60E+02   0.4261E+01  -0.9969E+00   0.3923E-01  -0.2053E-06   0.4843E-07   0.0000E+00   0.3488E+01  -0.7645E+01   0.0000E+00   0.1209E+01  -0.9844E+00   0.1985E+00  -0.1086E+00   0.8296E-01  -0.6502E-01
    0.40       0.0    0.00     -30.0     0.0     0.0     0.0
    19.0     7.0     0.0
-0.30E+02  -0.1883E+01   0.3057E+00   0.3086E-01  -0.3222E-02   0.9506E-03  -0.3976E-02
-0.25E+02  -0.1934E+01   0.4083E+00   0.5302E-01  -0.8342E-02  -0.4066E-03  -0.1560E-01
-0.20E+02  -0.1928E+01   0.4068E+00   0.7452E-01  -0.7617E-03  -0.7312E-03  -0.2703E-02
-0.15E+02  -0.1716E+01   0.3386E+00   0.7736E-01  -0.4607E-02   0.7053E-02   0.4755E-02
-0.10E+02  -0.1307E+01   0.2162E+00   0.7232E-01  -0.1713E-01   0.2266E-01   0.1153E-01
-0.50E+01  -0.7769E+00   0.9960E-01   0.6502E-01  -0.2019E-01   0.2719E-01   0.1595E-01
 0.00E+00  -0.2321E+00  -0.4435E-02   0.5053E-01  -0.1847E-01   0.2566E-01   0.1838E-01
 0.50E+01   0.3023E+00  -0.1009E+00   0.3259E-01  -0.1823E-01   0.2546E-01   0.1903E-01
 0.10E+02   0.8455E+00  -0.1902E+00   0.1190E-01  -0.1787E-01   0.2553E-01   0.1752E-01
 0.15E+02   0.1375E+01  -0.2645E+00  -0.7274E-02  -0.1407E-01   0.2172E-01   0.1553E-01
 0.20E+02   0.1802E+01  -0.3211E+00  -0.2374E-01  -0.2569E-02   0.7642E-02   0.9573E-02
 0.25E+02   0.2050E+01  -0.3498E+00  -0.4069E-01   0.7975E-03  -0.6898E-04   0.1311E-02
 0.30E+02   0.2094E+01  -0.3531E+00  -0.6151E-01  -0.3667E-02  -0.2699E-02  -0.1144E-01
 0.35E+02   0.2083E+01  -0.3522E+00  -0.1998E-01  -0.3089E-02  -0.1093E-02  -0.7464E-02
 0.40E+02   0.2151E+01  -0.3201E+00  -0.1661E-01   0.1218E-02  -0.8683E-04   0.2028E-02
 0.45E+02   0.2276E+01  -0.2296E+00  -0.1964E-01   0.2351E-02  -0.9856E-04   0.3983E-02
 0.50E+02   0.2459E+01  -0.2274E+00  -0.2402E-01   0.3093E-02   0.7666E-04   0.5726E-02
 0.55E+02   0.2660E+01  -0.2574E+00  -0.2952E-01   0.3296E-02   0.1162E-03   0.6098E-02
 0.60E+02   0.2859E+01  -0.3080E+00  -0.3525E-01   0.3689E-02  -0.9597E-04   0.6327E-02
    2.00       0.0    0.00     -30.0     0.0     0.0     0.0
    19.0     7.0     0.0
-0.30E+02  -0.2531E+01   0.7129E+00   0.1645E+00   0.9709E-03   0.1720E-02   0.5791E-02
-0.25E+02  -0.2155E+01   0.6139E+00   0.1754E+00   0.1056E-03   0.3065E-02   0.6852E-02
-0.20E+02  -0.1718E+01   0.5022E+00   0.1838E+00  -0.8579E-03   0.4419E-02   0.7383E-02
-0.15E+02  -0.1252E+01   0.3833E+00   0.1891E+00  -0.1623E-02   0.5450E-02   0.7997E-02
-0.10E+02  -0.8074E+00   0.2613E+00   0.1911E+00  -0.1980E-02   0.5936E-02   0.8635E-02
-0.50E+01  -0.4211E+00   0.1400E+00   0.1896E+00  -0.1715E-02   0.5716E-02   0.9263E-02
 0.00E+00  -0.8163E-01   0.2931E-01   0.1847E+00  -0.1037E-02   0.4902E-02   0.9955E-02
 0.50E+01   0.2480E+00  -0.7460E-01   0.1768E+00  -0.1308E-02   0.5220E-02   0.9857E-02
 0.10E+02   0.6186E+00  -0.1754E+00   0.1652E+00  -0.1299E-02   0.5442E-02   0.9371E-02
 0.15E+02   0.1046E+01  -0.2616E+00   0.1503E+00  -0.9457E-03   0.5132E-02   0.9230E-02
 0.20E+02   0.1498E+01  -0.3359E+00   0.1327E+00  -0.4258E-03   0.4518E-02   0.8564E-02
 0.25E+02   0.1929E+01  -0.4067E+00   0.1131E+00   0.7495E-04   0.3719E-02   0.8026E-02
 0.30E+02   0.2313E+01  -0.4821E+00   0.9239E-01   0.6628E-03   0.2687E-02   0.7263E-02
 0.35E+02   0.2683E+01  -0.5519E+00   0.7152E-01   0.1117E-02   0.1732E-02   0.6145E-02
 0.40E+02   0.3021E+01  -0.6262E+00   0.5120E-01   0.1539E-02   0.1061E-02   0.5667E-02
 0.45E+02   0.3350E+01  -0.7144E+00   0.3185E-01   0.2108E-02   0.5302E-03   0.5916E-02
 0.50E+02   0.3659E+01  -0.8001E+00   0.1375E-01   0.2521E-02  -0.1954E-04   0.5622E-02
 0.55E+02   0.3962E+01  -0.8936E+00  -0.2148E-02   0.3237E-02  -0.3771E-03   0.6437E-02
 0.60E+02   0.4234E+01  -0.9864E+00  -0.1575E-01   0.2801E-02  -0.1009E-02   0.4055E-02
    0.40       0.0    0.00     -25.0     0.0     0.0     0.0
    19.0     7.0     0.0
-0.30E+02  -0.1883E+01   0.3057E+00   0.2752E-01  -0.3369E-02   0.1012E-02  -0.4117E-02
-0.25E+02  -0.1943E+01   0.4087E+00   0.5016E-01  -0.7812E-02  -0.4094E-03  -0.1467E-01
-0.20E+02  -0.1936E+01   0.4069E+00   0.7088E-01  -0.5701E-03  -0.4147E-03  -0.1785E-02
-0.15E+02  -0.1715E+01   0.3387E+00   0.7294E-01  -0.4525E-02   0.7020E-02   0.4848E-02
-0.10E+02  -0.1295E+01   0.2165E+00   0.6742E-01  -0.1611E-01   0.2137E-01   0.1096E-01
-0.50E+01  -0.7572E+00   0.9997E-01   0.6078E-01  -0.1845E-01   0.2488E-01   0.1473E-01
 0.00E+00  -0.2127E+00  -0.4021E-02   0.4767E-01  -0.1685E-01   0.2346E-01   0.1700E-01
 0.50E+01   0.3213E+00  -0.1005E+00   0.3112E-01  -0.1671E-01   0.2335E-01   0.1740E-01
 0.10E+02   0.8652E+00  -0.1898E+00   0.1152E-01  -0.1638E-01   0.2341E-01   0.1598E-01
 0.15E+02   0.1395E+01  -0.2646E+00  -0.6516E-02  -0.1287E-01   0.1978E-01   0.1397E-01
 0.20E+02   0.1816E+01  -0.3213E+00  -0.2103E-01  -0.2207E-02   0.6635E-02   0.8333E-02
 0.25E+02   0.2054E+01  -0.3498E+00  -0.3664E-01   0.7082E-03  -0.2403E-03   0.8370E-03
 0.30E+02   0.2091E+01  -0.3532E+00  -0.5694E-01  -0.3673E-02  -0.2634E-02  -0.1134E-01
 0.35E+02   0.2071E+01  -0.3524E+00  -0.1534E-01  -0.2525E-02  -0.9038E-03  -0.6100E-02
 0.40E+02   0.2151E+01  -0.3201E+00  -0.1327E-01   0.1350E-02  -0.1606E-03   0.2121E-02
 0.45E+02   0.2279E+01  -0.2297E+00  -0.1646E-01   0.2153E-02  -0.9075E-04   0.3643E-02
 0.50E+02   0.2463E+01  -0.2274E+00  -0.2067E-01   0.2893E-02   0.7389E-04   0.5356E-02
 0.55E+02   0.2666E+01  -0.2575E+00  -0.2602E-01   0.2978E-02   0.9789E-04   0.5489E-02
 0.60E+02   0.2863E+01  -0.3080E+00  -0.3137E-01   0.3393E-02  -0.8736E-04   0.5814E-02
    2.00       0.0    0.00     -25.0     0.0     0.0     0.0
    19.0     7.0     0.0
-0.30E+02  -0.2524E+01   0.7101E+00   0.1575E+00   0.8397E-03   0.1443E-02   0.4916E-02
-0.25E+02  -0.2145E+01   0.6104E+00   0.1690E+00   0.1114E-03   0.2581E-02   0.5824E-02
-0.20E+02  -0.1706E+01   0.4980E+00   0.1782E+00  -0.6999E-03   0.3705E-02   0.6178E-02
-0.15E+02  -0.1238E+01   0.3785E+00   0.1844E+00  -0.1341E-02   0.4557E-02   0.6749E-02
-0.10E+02  -0.7932E+00   0.2563E+00   0.1874E+00  -0.1640E-02   0.4953E-02   0.7240E-02
-0.50E+01  -0.4066E+00   0.1348E+00   0.1870E+00  -0.1417E-02   0.4751E-02   0.7779E-02
 0.00E+00  -0.6766E-01   0.2430E-01   0.1833E+00  -0.8481E-03   0.4053E-02   0.8308E-02
 0.50E+01   0.2614E+00  -0.7940E-01   0.1764E+00  -0.1092E-02   0.4374E-02   0.8218E-02
 0.10E+02   0.6332E+00  -0.1806E+00   0.1658E+00  -0.1081E-02   0.4538E-02   0.7762E-02
 0.15E+02   0.1061E+01  -0.2669E+00   0.1520E+00  -0.7855E-03   0.4263E-02   0.7639E-02
 0.20E+02   0.1512E+01  -0.3411E+00   0.1355E+00  -0.3529E-03   0.3742E-02   0.7065E-02
 0.25E+02   0.1942E+01  -0.4115E+00   0.1170E+00   0.6030E-04   0.3071E-02   0.6680E-02
 0.30E+02   0.2325E+01  -0.4863E+00   0.9724E-01   0.5454E-03   0.2202E-02   0.5952E-02
 0.35E+02   0.2693E+01  -0.5554E+00   0.7726E-01   0.9189E-03   0.1419E-02   0.5037E-02
 0.40E+02   0.3029E+01  -0.6293E+00   0.5766E-01   0.1267E-02   0.8674E-03   0.4661E-02
 0.45E+02   0.3357E+01  -0.7173E+00   0.3895E-01   0.1753E-02   0.4442E-03   0.4926E-02
 0.50E+02   0.3667E+01  -0.8030E+00   0.2143E-01   0.2072E-02  -0.2907E-04   0.4592E-02
 0.55E+02   0.3970E+01  -0.8966E+00   0.6073E-02   0.2691E-02  -0.3197E-03   0.5336E-02
 0.60E+02   0.4240E+01  -0.9887E+00  -0.6852E-02   0.2253E-02  -0.8617E-03   0.3151E-02
    0.40       0.0    0.00     -20.0     0.0     0.0     0.0
    19.0     7.0     0.0
-0.30E+02  -0.1883E+01   0.3057E+00   0.2605E-01  -0.3419E-02   0.1034E-02  -0.4164E-02
-0.25E+02  -0.1947E+01   0.4090E+00   0.4889E-01  -0.7548E-02  -0.4093E-03  -0.1421E-01
-0.20E+02  -0.1939E+01   0.4069E+00   0.6919E-01  -0.4973E-03  -0.3001E-03  -0.1446E-02
-0.15E+02  -0.1715E+01   0.3387E+00   0.7096E-01  -0.4481E-02   0.6990E-02   0.4874E-02
-0.10E+02  -0.1290E+01   0.2166E+00   0.6528E-01  -0.1564E-01   0.2078E-01   0.1069E-01
-0.50E+01  -0.7485E+00   0.1001E+00   0.5898E-01  -0.1769E-01   0.2387E-01   0.1419E-01
 0.00E+00  -0.2041E+00  -0.3840E-02   0.4648E-01  -0.1614E-01   0.2249E-01   0.1637E-01
 0.50E+01   0.3298E+00  -0.1003E+00   0.3055E-01  -0.1604E-01   0.2242E-01   0.1667E-01
 0.10E+02   0.8740E+00  -0.1897E+00   0.1143E-01  -0.1571E-01   0.2247E-01   0.1531E-01
 0.15E+02   0.1404E+01  -0.2647E+00  -0.6095E-02  -0.1232E-01   0.1891E-01   0.1329E-01
 0.20E+02   0.1822E+01  -0.3213E+00  -0.1975E-01  -0.2056E-02   0.6211E-02   0.7810E-02
 0.25E+02   0.2056E+01  -0.3498E+00  -0.3479E-01   0.6700E-03  -0.2930E-03   0.6718E-03
 0.30E+02   0.2090E+01  -0.3532E+00  -0.5489E-01  -0.3658E-02  -0.2594E-02  -0.1125E-01
 0.35E+02   0.2067E+01  -0.3525E+00  -0.1336E-01  -0.2290E-02  -0.8248E-03  -0.5530E-02
 0.40E+02   0.2151E+01  -0.3200E+00  -0.1180E-01   0.1388E-02  -0.1862E-03   0.2139E-02
 0.45E+02   0.2280E+01  -0.2297E+00  -0.1504E-01   0.2064E-02  -0.8715E-04   0.3490E-02
 0.50E+02   0.2464E+01  -0.2275E+00  -0.1918E-01   0.2802E-02   0.7252E-04   0.5188E-02
 0.55E+02   0.2668E+01  -0.2575E+00  -0.2445E-01   0.2838E-02   0.9016E-04   0.5224E-02
 0.60E+02   0.2866E+01  -0.3080E+00  -0.2963E-01   0.3261E-02  -0.8354E-04   0.5587E-02
    2.00       0.0    0.00     -20.0     0.0     0.0     0.0
    19.0     7.0     0.0
-0.30E+02  -0.2516E+01   0.7072E+00   0.1506E+00   0.6968E-03   0.1163E-02   0.4010E-02
-0.25E+02  -0.2135E+01   0.6068E+00   0.1628E+00   0.1074E-03   0.2086E-02   0.4750E-02
-0.20E+02  -0.1694E+01   0.4937E+00   0.1728E+00  -0.5482E-03   0.2980E-02   0.4936E-02
-0.15E+02  -0.1225E+01   0.3737E+00   0.1799E+00  -0.1063E-02   0.3656E-02   0.5465E-02
-0.10E+02  -0.7789E+00   0.2511E+00   0.1840E+00  -0.1304E-02   0.3966E-02   0.5816E-02
-0.50E+01  -0.3921E+00   0.1296E+00   0.1847E+00  -0.1124E-02   0.3790E-02   0.6267E-02
 0.00E+00  -0.5382E-01   0.1933E-01   0.1821E+00  -0.6666E-03   0.3218E-02   0.6653E-02
 0.50E+01   0.2751E+00  -0.8428E-01   0.1762E+00  -0.8746E-03   0.3517E-02   0.6575E-02
 0.10E+02   0.6478E+00  -0.1859E+00   0.1667E+00  -0.8635E-03   0.3633E-02   0.6169E-02
 0.15E+02   0.1076E+01  -0.2722E+00   0.1540E+00  -0.6266E-03   0.3399E-02   0.6066E-02
 0.20E+02   0.1526E+01  -0.3462E+00   0.1385E+00  -0.2812E-03   0.2974E-02   0.5592E-02
 0.25E+02   0.1955E+01  -0.4162E+00   0.1211E+00   0.4606E-04   0.2433E-02   0.5366E-02
 0.30E+02   0.2337E+01  -0.4905E+00   0.1023E+00   0.4302E-03   0.1732E-02   0.4680E-02
 0.35E+02   0.2702E+01  -0.5588E+00   0.8320E-01   0.7251E-03   0.1117E-02   0.3966E-02
 0.40E+02   0.3037E+01  -0.6323E+00   0.6429E-01   0.1001E-02   0.6799E-03   0.3683E-02
 0.45E+02   0.3365E+01  -0.7201E+00   0.4617E-01   0.1400E-02   0.3579E-03   0.3940E-02
 0.50E+02   0.3674E+01  -0.8057E+00   0.2926E-01   0.1638E-02  -0.3157E-04   0.3611E-02
 0.55E+02   0.3978E+01  -0.8996E+00   0.1443E-01   0.2141E-02  -0.2621E-03   0.4228E-02
 0.60E+02   0.4246E+01  -0.9908E+00   0.2180E-02   0.1738E-02  -0.7054E-03   0.2340E-02
    0.40       0.0    0.00     -10.0     0.0     0.0     0.0
    19.0     7.0     0.0
-0.30E+02  -0.1890E+01   0.3057E+00   0.1188E-01  -0.3317E-02   0.1046E-02  -0.3939E-02
-0.25E+02  -0.2001E+01   0.4116E+00   0.3571E-01  -0.4192E-02  -0.3155E-03  -0.8007E-02
-0.20E+02  -0.1953E+01   0.4070E+00   0.5092E-01  -0.9112E-04   0.1777E-03   0.1516E-03
-0.15E+02  -0.1697E+01   0.3395E+00   0.5125E-01  -0.3390E-02   0.5518E-02   0.4137E-02
-0.10E+02  -0.1228E+01   0.2180E+00   0.4550E-01  -0.1031E-01   0.1383E-01   0.7333E-02
-0.50E+01  -0.6632E+00   0.1017E+00   0.4392E-01  -0.1033E-01   0.1401E-01   0.8617E-02
 0.00E+00  -0.1195E+00  -0.2154E-02   0.3745E-01  -0.9315E-02   0.1305E-01   0.9953E-02
 0.50E+01   0.4131E+00  -0.9853E-01   0.2737E-01  -0.9466E-02   0.1327E-01   0.9596E-02
 0.10E+02   0.9607E+00  -0.1881E+00   0.1337E-01  -0.9216E-02   0.1320E-01   0.8860E-02
 0.15E+02   0.1491E+01  -0.2646E+00   0.9044E-03  -0.6668E-02   0.1009E-01   0.6812E-02
 0.20E+02   0.1870E+01  -0.3215E+00  -0.5163E-02  -0.8039E-03   0.2624E-02   0.3382E-02
 0.25E+02   0.2061E+01  -0.3500E+00  -0.1596E-01   0.3358E-03  -0.4370E-03  -0.1935E-03
 0.30E+02   0.2055E+01  -0.3532E+00  -0.3448E-01  -0.2749E-02  -0.1766E-02  -0.8170E-02
 0.35E+02   0.2034E+01  -0.3529E+00   0.3909E-02  -0.6565E-03  -0.2718E-03  -0.1650E-02
 0.40E+02   0.2156E+01  -0.3200E+00   0.2368E-02   0.1219E-02  -0.2509E-03   0.1703E-02
 0.45E+02   0.2294E+01  -0.2298E+00  -0.7401E-03   0.1182E-02  -0.5006E-04   0.1991E-02
 0.50E+02   0.2481E+01  -0.2276E+00  -0.4158E-02   0.1798E-02   0.5171E-04   0.3324E-02
 0.55E+02   0.2689E+01  -0.2577E+00  -0.8250E-02   0.1571E-02   0.3433E-04   0.2850E-02
 0.60E+02   0.2886E+01  -0.3082E+00  -0.1203E-01   0.1949E-02  -0.4608E-04   0.3330E-02
    2.00       0.0    0.00     -10.0     0.0     0.0     0.0
    19.0     7.0     0.0
-0.30E+02  -0.2499E+01   0.7011E+00   0.1374E+00   0.3743E-03   0.5921E-03   0.2087E-02
-0.25E+02  -0.2114E+01   0.5992E+00   0.1510E+00   0.7148E-04   0.1064E-02   0.2463E-02
-0.20E+02  -0.1669E+01   0.4847E+00   0.1626E+00  -0.2629E-03   0.1506E-02   0.2504E-02
-0.15E+02  -0.1197E+01   0.3638E+00   0.1718E+00  -0.5223E-03   0.1836E-02   0.2792E-02
-0.10E+02  -0.7499E+00   0.2408E+00   0.1780E+00  -0.6441E-03   0.1985E-02   0.2887E-02
-0.50E+01  -0.3631E+00   0.1192E+00   0.1809E+00  -0.5528E-03   0.1883E-02   0.3173E-02
 0.00E+00  -0.2667E-01   0.9586E-02   0.1805E+00  -0.3240E-03   0.1589E-02   0.3339E-02
 0.50E+01   0.3030E+00  -0.9426E-01   0.1767E+00  -0.4381E-03   0.1772E-02   0.3276E-02
 0.10E+02   0.6773E+00  -0.1964E+00   0.1693E+00  -0.4310E-03   0.1817E-02   0.3039E-02
 0.15E+02   0.1105E+01  -0.2827E+00   0.1588E+00  -0.3123E-03   0.1688E-02   0.2987E-02
 0.20E+02   0.1555E+01  -0.3563E+00   0.1455E+00  -0.1402E-03   0.1465E-02   0.2730E-02
 0.25E+02   0.1981E+01  -0.4254E+00   0.1300E+00   0.2018E-04   0.1191E-02   0.2638E-02
 0.30E+02   0.2358E+01  -0.4983E+00   0.1131E+00   0.2082E-03   0.8358E-03   0.2256E-02
 0.35E+02   0.2720E+01  -0.5653E+00   0.9559E-01   0.3524E-03   0.5429E-03   0.1925E-02
 0.40E+02   0.3053E+01  -0.6381E+00   0.7800E-01   0.4865E-03   0.3259E-03   0.1817E-02
 0.45E+02   0.3380E+01  -0.7258E+00   0.6103E-01   0.6951E-03   0.1799E-03   0.1961E-02
 0.50E+02   0.3688E+01  -0.8108E+00   0.4533E-01   0.8062E-03  -0.2047E-04   0.1766E-02
 0.55E+02   0.3994E+01  -0.9056E+00   0.3157E-01   0.1049E-02  -0.1401E-03   0.2046E-02
 0.60E+02   0.4254E+01  -0.9942E+00   0.2056E-01   0.8205E-03  -0.3630E-03   0.1039E-02
    0.40       0.0    0.00      10.0     0.0     0.0     0.0
    19.0     7.0     0.0
-0.30E+02  -0.2000E+01   0.3077E+00  -0.3369E-01   0.8422E-02  -0.2770E-02   0.9887E-02
-0.25E+02  -0.2086E+01   0.4132E+00  -0.1579E-01   0.5680E-03   0.5154E-04   0.1076E-02
-0.20E+02  -0.1918E+01   0.4070E+00  -0.2515E-02  -0.5754E-03  -0.1273E-02  -0.3340E-02
-0.15E+02  -0.1540E+01   0.3408E+00   0.4730E-02   0.4979E-02  -0.8631E-02  -0.7114E-02
-0.10E+02  -0.9838E+00   0.2223E+00   0.1198E-01   0.1038E-01  -0.1411E-01  -0.8441E-02
-0.50E+01  -0.4184E+00   0.1061E+00   0.2714E-01   0.1002E-01  -0.1370E-01  -0.9401E-02
 0.00E+00   0.1196E+00   0.1962E-02   0.3745E-01   0.9198E-02  -0.1296E-01  -0.9993E-02
 0.50E+01   0.6580E+00  -0.9422E-01   0.4406E-01   0.9524E-02  -0.1338E-01  -0.8898E-02
 0.10E+02   0.1206E+01  -0.1838E+00   0.4668E-01   0.8974E-02  -0.1282E-01  -0.7874E-02
 0.15E+02   0.1654E+01  -0.2626E+00   0.4685E-01   0.4112E-02  -0.6193E-02  -0.4108E-02
 0.20E+02   0.1913E+01  -0.3219E+00   0.4800E-01  -0.1560E-03  -0.4735E-04  -0.3473E-03
 0.25E+02   0.1995E+01  -0.3507E+00   0.3612E-01   0.4665E-04   0.3094E-02   0.5762E-02
 0.30E+02   0.1929E+01  -0.3532E+00   0.1204E-01   0.1462E-02   0.9466E-03   0.4310E-02
 0.35E+02   0.2025E+01  -0.3530E+00   0.4571E-01  -0.3605E-03  -0.1746E-04  -0.6612E-03
 0.40E+02   0.2187E+01  -0.3201E+00   0.4475E-01  -0.1452E-02   0.3507E-03  -0.1900E-02
 0.45E+02   0.2333E+01  -0.2301E+00   0.4412E-01  -0.1477E-02   0.7888E-04  -0.2501E-02
 0.50E+02   0.2538E+01  -0.2280E+00   0.4410E-01  -0.1595E-02  -0.4082E-04  -0.2902E-02
 0.55E+02   0.2740E+01  -0.2582E+00   0.4399E-01  -0.1547E-02  -0.2591E-04  -0.2753E-02
 0.60E+02   0.2945E+01  -0.3088E+00   0.4435E-01  -0.1861E-02   0.5545E-04  -0.3110E-02
    2.00       0.0    0.00      10.0     0.0     0.0     0.0
    19.0     7.0     0.0
-0.30E+02  -0.2461E+01   0.6873E+00   0.1129E+00  -0.4282E-03  -0.6204E-03  -0.2274E-02
-0.25E+02  -0.2067E+01   0.5823E+00   0.1298E+00  -0.1040E-03  -0.1102E-02  -0.2628E-02
-0.20E+02  -0.1616E+01   0.4656E+00   0.1453E+00   0.2439E-03  -0.1539E-02  -0.2653E-02
-0.15E+02  -0.1140E+01   0.3433E+00   0.1587E+00   0.5057E-03  -0.1845E-02  -0.2893E-02
-0.10E+02  -0.6911E+00   0.2197E+00   0.1693E+00   0.6284E-03  -0.1979E-02  -0.2947E-02
-0.50E+01  -0.3058E+00   0.9867E-01   0.1767E+00   0.5357E-03  -0.1853E-02  -0.3233E-02
 0.00E+00   0.2668E-01  -0.9597E-02   0.1805E+00   0.3178E-03  -0.1584E-02  -0.3342E-02
 0.50E+01   0.3603E+00  -0.1148E+00   0.1809E+00   0.4397E-03  -0.1790E-02  -0.3223E-02
 0.10E+02   0.7361E+00  -0.2175E+00   0.1779E+00   0.4308E-03  -0.1810E-02  -0.2970E-02
 0.15E+02   0.1162E+01  -0.3033E+00   0.1717E+00   0.3136E-03  -0.1668E-02  -0.2894E-02
 0.20E+02   0.1608E+01  -0.3756E+00   0.1625E+00   0.1424E-03  -0.1418E-02  -0.2587E-02
 0.25E+02   0.2028E+01  -0.4426E+00   0.1508E+00  -0.1233E-04  -0.1136E-02  -0.2489E-02
 0.30E+02   0.2397E+01  -0.5125E+00   0.1372E+00  -0.1916E-03  -0.7747E-03  -0.2080E-02
 0.35E+02   0.2753E+01  -0.5772E+00   0.1223E+00  -0.3315E-03  -0.5184E-03  -0.1821E-02
 0.40E+02   0.3082E+01  -0.6487E+00   0.1071E+00  -0.4620E-03  -0.3079E-03  -0.1721E-02
 0.45E+02   0.3410E+01  -0.7369E+00   0.9243E-01  -0.6693E-03  -0.1670E-03  -0.1874E-02
 0.50E+02   0.3714E+01  -0.8207E+00   0.7894E-01  -0.8095E-03   0.1635E-04  -0.1782E-02
 0.55E+02   0.4021E+01  -0.9161E+00   0.6750E-01  -0.9703E-03   0.1676E-03  -0.1807E-02
 0.60E+02   0.4267E+01  -0.9993E+00   0.5812E-01  -0.7900E-03   0.3648E-03  -0.9650E-03
    0.40       0.0    0.00      20.0     0.0     0.0     0.0
    19.0     7.0     0.0
-0.30E+02  -0.2046E+01   0.3093E+00  -0.5433E-01   0.1334E-01  -0.4434E-02   0.1550E-01
-0.25E+02  -0.2082E+01   0.4132E+00  -0.3474E-01   0.1441E-03   0.1924E-04   0.2559E-03
-0.20E+02  -0.1871E+01   0.4060E+00  -0.1745E-01  -0.1507E-02  -0.3050E-02  -0.8289E-02
-0.15E+02  -0.1452E+01   0.3383E+00  -0.3433E-02   0.9497E-02  -0.1656E-01  -0.1394E-01
-0.10E+02  -0.8969E+00   0.2236E+00   0.1045E-01   0.1760E-01  -0.2394E-01  -0.1464E-01
-0.50E+01  -0.3348E+00   0.1075E+00   0.3025E-01   0.1683E-01  -0.2304E-01  -0.1639E-01
 0.00E+00   0.2043E+00   0.3275E-02   0.4649E-01   0.1580E-01  -0.2222E-01  -0.1649E-01
 0.50E+01   0.7435E+00  -0.9303E-01   0.5915E-01   0.1616E-01  -0.2269E-01  -0.1472E-01
 0.10E+02   0.1268E+01  -0.1829E+00   0.6613E-01   0.1343E-01  -0.1914E-01  -0.1161E-01
 0.15E+02   0.1674E+01  -0.2624E+00   0.6676E-01   0.5159E-02  -0.7755E-02  -0.5085E-02
 0.20E+02   0.1904E+01  -0.3223E+00   0.6660E-01  -0.5705E-03   0.8591E-03   0.5907E-03
 0.25E+02   0.1938E+01  -0.3499E+00   0.4941E-01   0.3838E-03   0.5771E-02   0.1138E-01
 0.30E+02   0.1918E+01  -0.3533E+00   0.2602E-01   0.1629E-02   0.1098E-02   0.4897E-02
 0.35E+02   0.2033E+01  -0.3531E+00   0.6087E-01  -0.8432E-03  -0.9889E-04  -0.1645E-02
 0.40E+02   0.2197E+01  -0.3202E+00   0.6078E-01  -0.2396E-02   0.5876E-03  -0.3108E-02
 0.45E+02   0.2352E+01  -0.2302E+00   0.6175E-01  -0.2791E-02   0.1599E-03  -0.4686E-02
 0.50E+02   0.2554E+01  -0.2282E+00   0.6293E-01  -0.2506E-02  -0.5892E-04  -0.4524E-02
 0.55E+02   0.2759E+01  -0.2584E+00   0.6435E-01  -0.2677E-02  -0.4788E-04  -0.4742E-02
 0.60E+02   0.2964E+01  -0.3091E+00   0.6629E-01  -0.3096E-02   0.1164E-03  -0.5101E-02
    2.00       0.0    0.00      20.0     0.0     0.0     0.0
    19.0     7.0     0.0
-0.30E+02  -0.2440E+01   0.6796E+00   0.1018E+00  -0.9091E-03  -0.1271E-02  -0.4735E-02
-0.25E+02  -0.2042E+01   0.5731E+00   0.1206E+00  -0.2377E-03  -0.2237E-02  -0.5404E-02
-0.20E+02  -0.1588E+01   0.4555E+00   0.1382E+00   0.4714E-03  -0.3110E-02  -0.5449E-02
-0.15E+02  -0.1111E+01   0.3327E+00   0.1538E+00   0.9995E-03  -0.3700E-02  -0.5883E-02
-0.10E+02  -0.6616E+00   0.2091E+00   0.1666E+00   0.1242E-02  -0.3944E-02  -0.5994E-02
-0.50E+01  -0.2778E+00   0.8864E-01   0.1762E+00   0.1054E-02  -0.3666E-02  -0.6496E-02
 0.00E+00   0.5384E-01  -0.1938E-01   0.1821E+00   0.6412E-03  -0.3197E-02  -0.6664E-02
 0.50E+01   0.3893E+00  -0.1253E+00   0.1847E+00   0.8824E-03  -0.3591E-02  -0.6374E-02
 0.10E+02   0.7651E+00  -0.2279E+00   0.1839E+00   0.8627E-03  -0.3605E-02  -0.6003E-02
 0.15E+02   0.1190E+01  -0.3133E+00   0.1798E+00   0.6301E-03  -0.3308E-02  -0.5678E-02
 0.20E+02   0.1633E+01  -0.3846E+00   0.1725E+00   0.2913E-03  -0.2792E-02  -0.5035E-02
 0.25E+02   0.2050E+01  -0.4504E+00   0.1625E+00  -0.1400E-04  -0.2211E-02  -0.4816E-02
 0.30E+02   0.2415E+01  -0.5188E+00   0.1502E+00  -0.3640E-03  -0.1495E-02  -0.3995E-02
 0.35E+02   0.2768E+01  -0.5827E+00   0.1366E+00  -0.6391E-03  -0.1011E-02  -0.3529E-02
 0.40E+02   0.3095E+01  -0.6537E+00   0.1224E+00  -0.9041E-03  -0.6124E-03  -0.3389E-02
 0.45E+02   0.3423E+01  -0.7418E+00   0.1089E+00  -0.1295E-02  -0.3070E-03  -0.3589E-02
 0.50E+02   0.3727E+01  -0.8259E+00   0.9652E-01  -0.1639E-02   0.2129E-04  -0.3634E-02
 0.55E+02   0.4031E+01  -0.9202E+00   0.8613E-01  -0.1832E-02   0.3686E-03  -0.3295E-02
 0.60E+02   0.4272E+01  -0.1002E+01   0.7720E-01  -0.1549E-02   0.7315E-03  -0.1855E-02
    0.40       0.0    0.00      25.0     0.0     0.0     0.0
    19.0     7.0     0.0
-0.30E+02  -0.2048E+01   0.3094E+00  -0.5644E-01   0.1361E-01  -0.4530E-02   0.1580E-01
-0.25E+02  -0.2082E+01   0.4132E+00  -0.3663E-01   0.7648E-04   0.1424E-04   0.1260E-03
-0.20E+02  -0.1866E+01   0.4058E+00  -0.1877E-01  -0.1618E-02  -0.3261E-02  -0.8881E-02
-0.15E+02  -0.1443E+01   0.3379E+00  -0.3998E-02   0.9954E-02  -0.1737E-01  -0.1465E-01
-0.10E+02  -0.8881E+00   0.2237E+00   0.1059E-01   0.1833E-01  -0.2493E-01  -0.1529E-01
-0.50E+01  -0.3264E+00   0.1076E+00   0.3082E-01   0.1752E-01  -0.2399E-01  -0.1712E-01
 0.00E+00   0.2130E+00   0.3407E-02   0.4768E-01   0.1648E-01  -0.2317E-01  -0.1712E-01
 0.50E+01   0.7522E+00  -0.9292E-01   0.6095E-01   0.1685E-01  -0.2364E-01  -0.1529E-01
 0.10E+02   0.1274E+01  -0.1828E+00   0.6824E-01   0.1381E-01  -0.1967E-01  -0.1192E-01
 0.15E+02   0.1675E+01  -0.2625E+00   0.6874E-01   0.5169E-02  -0.7766E-02  -0.5084E-02
 0.20E+02   0.1901E+01  -0.3224E+00   0.6835E-01  -0.6547E-03   0.1063E-02   0.8166E-03
 0.25E+02   0.1933E+01  -0.3498E+00   0.5065E-01   0.4234E-03   0.5988E-02   0.1187E-01
 0.30E+02   0.1918E+01  -0.3533E+00   0.2747E-01   0.1624E-02   0.1098E-02   0.4891E-02
 0.35E+02   0.2034E+01  -0.3531E+00   0.6245E-01  -0.8947E-03  -0.1084E-03  -0.1751E-02
 0.40E+02   0.2199E+01  -0.3202E+00   0.6246E-01  -0.2498E-02   0.6144E-03  -0.3240E-02
 0.45E+02   0.2354E+01  -0.2303E+00   0.6361E-01  -0.2924E-02   0.1682E-03  -0.4906E-02
 0.50E+02   0.2556E+01  -0.2282E+00   0.6489E-01  -0.2595E-02  -0.6062E-04  -0.4682E-02
 0.55E+02   0.2761E+01  -0.2584E+00   0.6648E-01  -0.2790E-02  -0.4968E-04  -0.4940E-02
 0.60E+02   0.2966E+01  -0.3091E+00   0.6859E-01  -0.3218E-02   0.1237E-03  -0.5294E-02
    2.00       0.0    0.00      25.0     0.0     0.0     0.0
    19.0     7.0     0.0
-0.30E+02  -0.2429E+01   0.6755E+00   0.9659E-01  -0.1168E-02  -0.1607E-02  -0.6034E-02
-0.25E+02  -0.2029E+01   0.5684E+00   0.1164E+00  -0.3144E-03  -0.2816E-02  -0.6789E-02
-0.20E+02  -0.1574E+01   0.4503E+00   0.1351E+00   0.5798E-03  -0.3905E-02  -0.6894E-02
-0.15E+02  -0.1096E+01   0.3273E+00   0.1517E+00   0.1243E-02  -0.4634E-02  -0.7413E-02
-0.10E+02  -0.6469E+00   0.2038E+00   0.1657E+00   0.1543E-02  -0.4919E-02  -0.7549E-02
-0.50E+01  -0.2642E+00   0.8373E-01   0.1763E+00   0.1307E-02  -0.4552E-02  -0.8125E-02
 0.00E+00   0.6769E-01  -0.2437E-01   0.1833E+00   0.8081E-03  -0.4021E-02  -0.8325E-02
 0.50E+01   0.4038E+00  -0.1305E+00   0.1870E+00   0.1105E-02  -0.4494E-02  -0.7916E-02
 0.10E+02   0.7795E+00  -0.2331E+00   0.1873E+00   0.1079E-02  -0.4494E-02  -0.7482E-02
 0.15E+02   0.1204E+01  -0.3182E+00   0.1842E+00   0.7896E-03  -0.4115E-02  -0.7022E-02
 0.20E+02   0.1645E+01  -0.3890E+00   0.1778E+00   0.3691E-03  -0.3462E-02  -0.6323E-02
 0.25E+02   0.2060E+01  -0.4541E+00   0.1686E+00  -0.1003E-04  -0.2725E-02  -0.5916E-02
 0.30E+02   0.2423E+01  -0.5218E+00   0.1570E+00  -0.4424E-03  -0.1838E-02  -0.4897E-02
 0.35E+02   0.2775E+01  -0.5853E+00   0.1439E+00  -0.7831E-03  -0.1246E-02  -0.4336E-02
 0.40E+02   0.3102E+01  -0.6561E+00   0.1303E+00  -0.1120E-02  -0.7677E-03  -0.4218E-02
 0.45E+02   0.3429E+01  -0.7441E+00   0.1173E+00  -0.1588E-02  -0.3645E-03  -0.4375E-02
 0.50E+02   0.3734E+01  -0.8285E+00   0.1055E+00  -0.2054E-02   0.2285E-04  -0.4563E-02
 0.55E+02   0.4036E+01  -0.9218E+00   0.9554E-01  -0.2212E-02   0.4831E-03  -0.3897E-02
 0.60E+02   0.4274E+01  -0.1003E+01   0.8682E-01  -0.1916E-02   0.9156E-03  -0.2268E-02
    0.40       0.0    0.00      30.0     0.0     0.0     0.0
    19.0     7.0     0.0
-0.30E+02  -0.2053E+01   0.3096E+00  -0.6115E-01   0.1407E-01  -0.4692E-02   0.1630E-01
-0.25E+02  -0.2079E+01   0.4132E+00  -0.4082E-01  -0.1219E-03  -0.7488E-06  -0.2547E-03
-0.20E+02  -0.1853E+01   0.4054E+00  -0.2157E-01  -0.1877E-02  -0.3756E-02  -0.1027E-01
-0.15E+02  -0.1422E+01   0.3370E+00  -0.5097E-02   0.1098E-01  -0.1917E-01  -0.1626E-01
-0.10E+02  -0.8683E+00   0.2240E+00   0.1110E-01   0.1997E-01  -0.2716E-01  -0.1677E-01
-0.50E+01  -0.3073E+00   0.1080E+00   0.3227E-01   0.1908E-01  -0.2611E-01  -0.1873E-01
 0.00E+00   0.2324E+00   0.3702E-02   0.5054E-01   0.1802E-01  -0.2531E-01  -0.1853E-01
 0.50E+01   0.7719E+00  -0.9268E-01   0.6519E-01   0.1839E-01  -0.2580E-01  -0.1657E-01
 0.10E+02   0.1285E+01  -0.1826E+00   0.7306E-01   0.1463E-01  -0.2081E-01  -0.1257E-01
 0.15E+02   0.1676E+01  -0.2625E+00   0.7319E-01   0.5155E-02  -0.7735E-02  -0.5043E-02
 0.20E+02   0.1895E+01  -0.3225E+00   0.7216E-01  -0.8841E-03   0.1627E-02   0.1446E-02
 0.25E+02   0.1923E+01  -0.3496E+00   0.5343E-01   0.5099E-03   0.6425E-02   0.1281E-01
 0.30E+02   0.1917E+01  -0.3534E+00   0.3075E-01   0.1600E-02   0.1091E-02   0.4842E-02
 0.35E+02   0.2036E+01  -0.3531E+00   0.6604E-01  -0.1011E-02  -0.1302E-03  -0.1990E-02
 0.40E+02   0.2201E+01  -0.3202E+00   0.6627E-01  -0.2739E-02   0.6785E-03  -0.3549E-02
 0.45E+02   0.2358E+01  -0.2303E+00   0.6784E-01  -0.3218E-02   0.1865E-03  -0.5390E-02
 0.50E+02   0.2559E+01  -0.2282E+00   0.6937E-01  -0.2796E-02  -0.6451E-04  -0.5037E-02
 0.55E+02   0.2765E+01  -0.2585E+00   0.7135E-01  -0.3044E-02  -0.5323E-04  -0.5381E-02
 0.60E+02   0.2970E+01  -0.3091E+00   0.7381E-01  -0.3492E-02   0.1408E-03  -0.5725E-02
    2.00       0.0    0.00      30.0     0.0     0.0     0.0
    19.0     7.0     0.0
-0.30E+02  -0.2417E+01   0.6713E+00   0.9159E-01  -0.1439E-02  -0.1951E-02  -0.7376E-02
-0.25E+02  -0.2016E+01   0.5635E+00   0.1124E+00  -0.3973E-03  -0.3401E-02  -0.8143E-02
-0.20E+02  -0.1559E+01   0.4450E+00   0.1322E+00   0.6849E-03  -0.4705E-02  -0.8368E-02
-0.15E+02  -0.1081E+01   0.3219E+00   0.1500E+00   0.1486E-02  -0.5569E-02  -0.8964E-02
-0.10E+02  -0.6323E+00   0.1985E+00   0.1651E+00   0.1841E-02  -0.5889E-02  -0.9122E-02
-0.50E+01  -0.2507E+00   0.7890E-01   0.1767E+00   0.1555E-02  -0.5424E-02  -0.9750E-02
 0.00E+00   0.8168E-01  -0.2941E-01   0.1847E+00   0.9791E-03  -0.4854E-02  -0.9980E-02
 0.50E+01   0.4183E+00  -0.1357E+00   0.1896E+00   0.1329E-02  -0.5398E-02  -0.9434E-02
 0.10E+02   0.7937E+00  -0.2382E+00   0.1910E+00   0.1296E-02  -0.5377E-02  -0.8933E-02
 0.15E+02   0.1217E+01  -0.3230E+00   0.1889E+00   0.9503E-03  -0.4911E-02  -0.8332E-02
 0.20E+02   0.1657E+01  -0.3933E+00   0.1834E+00   0.4497E-03  -0.4119E-02  -0.7577E-02
 0.25E+02   0.2070E+01  -0.4577E+00   0.1749E+00  -0.2467E-05  -0.3224E-02  -0.6971E-02
 0.30E+02   0.2431E+01  -0.5246E+00   0.1639E+00  -0.5153E-03  -0.2172E-02  -0.5766E-02
 0.35E+02   0.2782E+01  -0.5878E+00   0.1514E+00  -0.9200E-03  -0.1473E-02  -0.5111E-02
 0.40E+02   0.3109E+01  -0.6586E+00   0.1383E+00  -0.1332E-02  -0.9266E-03  -0.5047E-02
 0.45E+02   0.3435E+01  -0.7462E+00   0.1259E+00  -0.1870E-02  -0.4164E-03  -0.5123E-02
 0.50E+02   0.3741E+01  -0.8311E+00   0.1146E+00  -0.2465E-02   0.2623E-04  -0.5477E-02
 0.55E+02   0.4039E+01  -0.9231E+00   0.1050E+00  -0.2555E-02   0.6075E-03  -0.4391E-02
 0.60E+02   0.4277E+01  -0.1004E+01   0.9649E-01  -0.2276E-02   0.1100E-02  -0.2660E-02
    0.40       0.0    0.00       0.0   -30.0     0.0     0.0
    19.0     7.0     0.0
-0.30E+02  -0.1926E+01   0.3091E+00   0.7459E-01   0.8402E-02  -0.6517E-02   0.2874E-02
-0.25E+02  -0.2050E+01   0.3658E+00   0.8956E-01  -0.1937E-01   0.1503E-01  -0.6653E-02
-0.20E+02  -0.1935E+01   0.3729E+00   0.9617E-01  -0.2193E-01   0.1701E-01  -0.7532E-02
-0.15E+02  -0.1643E+01   0.3573E+00   0.9671E-01  -0.9863E-02   0.7650E-02  -0.3391E-02
-0.10E+02  -0.1153E+01   0.3175E+00   0.9286E-01   0.2100E-01  -0.1629E-01   0.7205E-02
-0.50E+01  -0.6239E+00   0.2857E+00   0.9761E-01   0.6020E-01  -0.4669E-01   0.2067E-01
 0.00E+00  -0.1286E+00   0.2794E+00   0.1058E+00   0.1058E+00  -0.8209E-01   0.3635E-01
 0.50E+01   0.3645E+00   0.2740E+00   0.1108E+00   0.1471E+00  -0.1141E+00   0.5054E-01
 0.10E+02   0.8892E+00   0.2394E+00   0.1045E+00   0.1721E+00  -0.1335E+00   0.5914E-01
 0.15E+02   0.1375E+01   0.2026E+00   0.9329E-01   0.1907E+00  -0.1479E+00   0.6552E-01
 0.20E+02   0.1689E+01   0.1549E+00   0.7726E-01   0.2007E+00  -0.1557E+00   0.6896E-01
 0.25E+02   0.1843E+01   0.1087E+00   0.5308E-01   0.1983E+00  -0.1538E+00   0.6812E-01
 0.30E+02   0.1782E+01   0.6707E-01   0.2079E-01   0.1879E+00  -0.1457E+00   0.6454E-01
 0.35E+02   0.1842E+01   0.3345E-01   0.4296E-01   0.1727E+00  -0.1340E+00   0.5934E-01
 0.40E+02   0.2024E+01  -0.9035E-03   0.2870E-01   0.1545E+00  -0.1199E+00   0.5308E-01
 0.45E+02   0.2229E+01  -0.5012E-01  -0.4439E-02   0.8551E-01  -0.6633E-01   0.2937E-01
 0.50E+02   0.2457E+01  -0.1099E+00  -0.2785E-01   0.5349E-01  -0.4149E-01   0.1837E-01
 0.55E+02   0.2684E+01  -0.1917E+00  -0.4640E-01   0.2643E-01  -0.2050E-01   0.9076E-02
 0.60E+02   0.2897E+01  -0.2658E+00  -0.5882E-01   0.1467E-01  -0.1138E-01   0.5041E-02
    2.00       0.0    0.00       0.0   -30.0     0.0     0.0
    19.0     7.0     0.0
-0.30E+02  -0.2514E+01   0.7722E+00   0.2423E+00   0.3380E-01  -0.2773E-01   0.1448E-01
-0.25E+02  -0.2135E+01   0.6914E+00   0.2518E+00   0.4368E-01  -0.3584E-01   0.1870E-01
-0.20E+02  -0.1698E+01   0.6019E+00   0.2588E+00   0.5503E-01  -0.4515E-01   0.2358E-01
-0.15E+02  -0.1236E+01   0.5070E+00   0.2629E+00   0.6675E-01  -0.5476E-01   0.2863E-01
-0.10E+02  -0.7992E+00   0.4109E+00   0.2643E+00   0.7860E-01  -0.6449E-01   0.3379E-01
-0.50E+01  -0.4233E+00   0.3136E+00   0.2621E+00   0.8905E-01  -0.7307E-01   0.3836E-01
 0.00E+00  -0.9673E-01   0.2223E+00   0.2556E+00   0.9673E-01  -0.7936E-01   0.4174E-01
 0.50E+01   0.2295E+00   0.1298E+00   0.2444E+00   0.1019E+00  -0.8364E-01   0.4406E-01
 0.10E+02   0.6008E+00   0.3663E-01   0.2297E+00   0.1060E+00  -0.8696E-01   0.4585E-01
 0.15E+02   0.1025E+01  -0.4336E-01   0.2131E+00   0.1087E+00  -0.8915E-01   0.4702E-01
 0.20E+02   0.1471E+01  -0.1125E+00   0.1948E+00   0.1103E+00  -0.9054E-01   0.4775E-01
 0.25E+02   0.1894E+01  -0.1778E+00   0.1747E+00   0.1116E+00  -0.9153E-01   0.4827E-01
 0.30E+02   0.2266E+01  -0.2472E+00   0.1521E+00   0.1125E+00  -0.9227E-01   0.4865E-01
 0.35E+02   0.2624E+01  -0.3120E+00   0.1285E+00   0.1129E+00  -0.9259E-01   0.4880E-01
 0.40E+02   0.2955E+01  -0.3843E+00   0.1038E+00   0.1128E+00  -0.9253E-01   0.4873E-01
 0.45E+02   0.3284E+01  -0.4742E+00   0.7749E-01   0.1119E+00  -0.9185E-01   0.4832E-01
 0.50E+02   0.3591E+01  -0.5635E+00   0.5334E-01   0.1098E+00  -0.9005E-01   0.4731E-01
 0.55E+02   0.3903E+01  -0.6700E+00   0.2915E-01   0.1049E+00  -0.8609E-01   0.4517E-01
 0.60E+02   0.4162E+01  -0.7700E+00   0.6900E-02   0.9870E-01  -0.8098E-01   0.4244E-01
    0.40       0.0    0.00       0.0   -25.0     0.0     0.0
    19.0     7.0     0.0
-0.30E+02  -0.1925E+01   0.3077E+00   0.5803E-01   0.6826E-02  -0.5295E-02   0.2336E-02
-0.25E+02  -0.2049E+01   0.3628E+00   0.7366E-01  -0.2170E-01   0.1683E-01  -0.7448E-02
-0.20E+02  -0.1933E+01   0.3686E+00   0.8141E-01  -0.2307E-01   0.1789E-01  -0.7919E-02
-0.15E+02  -0.1643E+01   0.3564E+00   0.8391E-01  -0.7553E-02   0.5858E-02  -0.2596E-02
-0.10E+02  -0.1158E+01   0.3277E+00   0.8364E-01   0.2966E-01  -0.2301E-01   0.1018E-01
-0.50E+01  -0.6392E+00   0.3190E+00   0.9369E-01   0.7943E-01  -0.6161E-01   0.2727E-01
 0.00E+00  -0.1404E+00   0.3052E+00   0.9878E-01   0.1215E+00  -0.9423E-01   0.4172E-01
 0.50E+01   0.3686E+00   0.2651E+00   0.9451E-01   0.1469E+00  -0.1139E+00   0.5046E-01
 0.10E+02   0.9013E+00   0.2131E+00   0.8411E-01   0.1639E+00  -0.1271E+00   0.5633E-01
 0.15E+02   0.1398E+01   0.1527E+00   0.6594E-01   0.1717E+00  -0.1332E+00   0.5900E-01
 0.20E+02   0.1720E+01   0.8760E-01   0.4970E-01   0.1731E+00  -0.1342E+00   0.5947E-01
 0.25E+02   0.1876E+01   0.3760E-01   0.3102E-01   0.1679E+00  -0.1302E+00   0.5769E-01
 0.30E+02   0.1815E+01  -0.4166E-02   0.5484E-03   0.1561E+00  -0.1211E+00   0.5363E-01
 0.35E+02   0.1875E+01  -0.3847E-01   0.2375E-01   0.1407E+00  -0.1091E+00   0.4831E-01
 0.40E+02   0.2057E+01  -0.7256E-01   0.1026E-01   0.1208E+00  -0.9366E-01   0.4147E-01
 0.45E+02   0.2265E+01  -0.1293E+00  -0.2145E-01   0.4849E-01  -0.3761E-01   0.1665E-01
 0.50E+02   0.2493E+01  -0.1872E+00  -0.3510E-01   0.1794E-01  -0.1392E-01   0.6161E-02
 0.55E+02   0.2709E+01  -0.2454E+00  -0.4528E-01   0.2371E-02  -0.1839E-02   0.8185E-03
 0.60E+02   0.2911E+01  -0.2966E+00  -0.5153E-01   0.1328E-02  -0.1030E-02   0.4614E-03
    2.00       0.0    0.00       0.0   -25.0     0.0     0.0
    19.0     7.0     0.0
-0.30E+02  -0.2515E+01   0.7737E+00   0.2202E+00   0.3443E-01  -0.2825E-01   0.1475E-01
-0.25E+02  -0.2134E+01   0.6892E+00   0.2297E+00   0.4271E-01  -0.3504E-01   0.1829E-01
-0.20E+02  -0.1696E+01   0.5961E+00   0.2371E+00   0.5252E-01  -0.4309E-01   0.2250E-01
-0.15E+02  -0.1232E+01   0.4997E+00   0.2421E+00   0.6355E-01  -0.5214E-01   0.2728E-01
-0.10E+02  -0.7946E+00   0.4004E+00   0.2439E+00   0.7404E-01  -0.6074E-01   0.3185E-01
-0.50E+01  -0.4168E+00   0.2985E+00   0.2419E+00   0.8252E-01  -0.6771E-01   0.3557E-01
 0.00E+00  -0.8728E-01   0.2006E+00   0.2351E+00   0.8728E-01  -0.7161E-01   0.3769E-01
 0.50E+01   0.2414E+00   0.1025E+00   0.2242E+00   0.9005E-01  -0.7388E-01   0.3895E-01
 0.10E+02   0.6145E+00   0.4964E-02   0.2101E+00   0.9222E-01  -0.7566E-01   0.3992E-01
 0.15E+02   0.1040E+01  -0.7771E-01   0.1943E+00   0.9372E-01  -0.7689E-01   0.4058E-01
 0.20E+02   0.1487E+01  -0.1486E+00   0.1769E+00   0.9464E-01  -0.7765E-01   0.4098E-01
 0.25E+02   0.1910E+01  -0.2152E+00   0.1577E+00   0.9529E-01  -0.7818E-01   0.4124E-01
 0.30E+02   0.2283E+01  -0.2854E+00   0.1364E+00   0.9584E-01  -0.7864E-01   0.4146E-01
 0.35E+02   0.2641E+01  -0.3504E+00   0.1141E+00   0.9614E-01  -0.7888E-01   0.4156E-01
 0.40E+02   0.2971E+01  -0.4222E+00   0.9113E-01   0.9629E-01  -0.7900E-01   0.4158E-01
 0.45E+02   0.3301E+01  -0.5133E+00   0.6652E-01   0.9493E-01  -0.7788E-01   0.4093E-01
 0.50E+02   0.3609E+01  -0.6059E+00   0.4331E-01   0.9131E-01  -0.7492E-01   0.3933E-01
 0.55E+02   0.3923E+01  -0.7149E+00   0.2067E-01   0.8542E-01  -0.7008E-01   0.3674E-01
 0.60E+02   0.4182E+01  -0.8158E+00   0.5066E-03   0.7878E-01  -0.6464E-01   0.3384E-01
    0.40       0.0    0.00       0.0   -20.0     0.0     0.0
    19.0     7.0     0.0
-0.30E+02  -0.1923E+01   0.3020E+00   0.4217E-01   0.3203E-02  -0.2484E-02   0.1096E-02
-0.25E+02  -0.2046E+01   0.3574E+00   0.5893E-01  -0.2492E-01   0.1933E-01  -0.8554E-02
-0.20E+02  -0.1932E+01   0.3665E+00   0.6851E-01  -0.2313E-01   0.1794E-01  -0.7939E-02
-0.15E+02  -0.1647E+01   0.3658E+00   0.7378E-01  -0.4390E-03   0.3406E-03  -0.1534E-03
-0.10E+02  -0.1173E+01   0.3608E+00   0.7813E-01   0.4887E-01  -0.3791E-01   0.1677E-01
-0.50E+01  -0.6485E+00   0.3392E+00   0.8457E-01   0.9264E-01  -0.7185E-01   0.3180E-01
 0.00E+00  -0.1343E+00   0.2918E+00   0.8260E-01   0.1191E+00  -0.9241E-01   0.4092E-01
 0.50E+01   0.3853E+00   0.2289E+00   0.7362E-01   0.1341E+00  -0.1040E+00   0.4608E-01
 0.10E+02   0.9301E+00   0.1505E+00   0.5735E-01   0.1391E+00  -0.1079E+00   0.4779E-01
 0.15E+02   0.1433E+01   0.7679E-01   0.4389E-01   0.1407E+00  -0.1091E+00   0.4836E-01
 0.20E+02   0.1755E+01   0.1081E-01   0.3245E-01   0.1409E+00  -0.1093E+00   0.4843E-01
 0.25E+02   0.1911E+01  -0.3883E-01   0.1449E-01   0.1350E+00  -0.1047E+00   0.4638E-01
 0.30E+02   0.1850E+01  -0.7974E-01  -0.1494E-01   0.1223E+00  -0.9487E-01   0.4201E-01
 0.35E+02   0.1911E+01  -0.1166E+00   0.8822E-02   0.1057E+00  -0.8196E-01   0.3628E-01
 0.40E+02   0.2093E+01  -0.1517E+00  -0.4427E-02   0.8334E-01  -0.6464E-01   0.2861E-01
 0.45E+02   0.2300E+01  -0.2053E+00  -0.2377E-01   0.1299E-01  -0.1007E-01   0.4459E-02
 0.50E+02   0.2517E+01  -0.2395E+00  -0.3152E-01  -0.6053E-02   0.4695E-02  -0.2074E-02
 0.55E+02   0.2723E+01  -0.2751E+00  -0.3687E-01  -0.1066E-01   0.8266E-02  -0.3653E-02
 0.60E+02   0.2906E+01  -0.2852E+00  -0.3470E-01   0.7420E-02  -0.5756E-02   0.2549E-02
    2.00       0.0    0.00       0.0   -20.0     0.0     0.0
    19.0     7.0     0.0
-0.30E+02  -0.2513E+01   0.7684E+00   0.1982E+00   0.3212E-01  -0.2636E-01   0.1375E-01
-0.25E+02  -0.2130E+01   0.6806E+00   0.2082E+00   0.3898E-01  -0.3198E-01   0.1668E-01
-0.20E+02  -0.1691E+01   0.5858E+00   0.2165E+00   0.4804E-01  -0.3942E-01   0.2060E-01
-0.15E+02  -0.1227E+01   0.4863E+00   0.2223E+00   0.5773E-01  -0.4737E-01   0.2481E-01
-0.10E+02  -0.7868E+00   0.3824E+00   0.2246E+00   0.6620E-01  -0.5432E-01   0.2850E-01
-0.50E+01  -0.4059E+00   0.2735E+00   0.2226E+00   0.7164E-01  -0.5877E-01   0.3091E-01
 0.00E+00  -0.7390E-01   0.1698E+00   0.2164E+00   0.7390E-01  -0.6063E-01   0.3194E-01
 0.50E+01   0.2568E+00   0.6716E-01   0.2065E+00   0.7468E-01  -0.6127E-01   0.3233E-01
 0.10E+02   0.6311E+00  -0.3314E-01   0.1938E+00   0.7564E-01  -0.6206E-01   0.3277E-01
 0.15E+02   0.1058E+01  -0.1174E+00   0.1793E+00   0.7643E-01  -0.6271E-01   0.3311E-01
 0.20E+02   0.1505E+01  -0.1890E+00   0.1631E+00   0.7707E-01  -0.6324E-01   0.3338E-01
 0.25E+02   0.1927E+01  -0.2557E+00   0.1452E+00   0.7769E-01  -0.6375E-01   0.3362E-01
 0.30E+02   0.2300E+01  -0.3252E+00   0.1253E+00   0.7851E-01  -0.6442E-01   0.3395E-01
 0.35E+02   0.2658E+01  -0.3899E+00   0.1044E+00   0.7895E-01  -0.6477E-01   0.3410E-01
 0.40E+02   0.2989E+01  -0.4636E+00   0.8249E-01   0.7827E-01  -0.6422E-01   0.3377E-01
 0.45E+02   0.3320E+01  -0.5578E+00   0.5913E-01   0.7556E-01  -0.6199E-01   0.3255E-01
 0.50E+02   0.3629E+01  -0.6521E+00   0.3747E-01   0.7123E-01  -0.5844E-01   0.3065E-01
 0.55E+02   0.3943E+01  -0.7614E+00   0.1694E-01   0.6516E-01  -0.5346E-01   0.2800E-01
 0.60E+02   0.4202E+01  -0.8616E+00  -0.8311E-03   0.5887E-01  -0.4830E-01   0.2526E-01
    0.40       0.0    0.00       0.0   -10.0     0.0     0.0
    19.0     7.0     0.0
-0.30E+02  -0.1916E+01   0.2870E+00   0.1443E-01  -0.5999E-02   0.4653E-02  -0.2059E-02
-0.25E+02  -0.2047E+01   0.3588E+00   0.3461E-01  -0.2504E-01   0.1943E-01  -0.8593E-02
-0.20E+02  -0.1949E+01   0.4043E+00   0.4884E-01  -0.3707E-02   0.2875E-02  -0.1273E-02
-0.15E+02  -0.1670E+01   0.4160E+00   0.5480E-01   0.2843E-01  -0.2205E-01   0.9753E-02
-0.10E+02  -0.1171E+01   0.3572E+00   0.5253E-01   0.5511E-01  -0.4275E-01   0.1892E-01
-0.50E+01  -0.6179E+00   0.2726E+00   0.4983E-01   0.6982E-01  -0.5416E-01   0.2398E-01
 0.00E+00  -0.7872E-01   0.1710E+00   0.4250E-01   0.7114E-01  -0.5518E-01   0.2445E-01
 0.50E+01   0.4565E+00   0.7422E-01   0.3844E-01   0.7067E-01  -0.5482E-01   0.2430E-01
 0.10E+02   0.1006E+01  -0.1338E-01   0.3092E-01   0.7154E-01  -0.5549E-01   0.2459E-01
 0.15E+02   0.1509E+01  -0.8757E-01   0.2150E-01   0.7304E-01  -0.5666E-01   0.2510E-01
 0.20E+02   0.1831E+01  -0.1535E+00   0.1228E-01   0.7147E-01  -0.5544E-01   0.2455E-01
 0.25E+02   0.1988E+01  -0.2048E+00  -0.4905E-02   0.6300E-01  -0.4886E-01   0.2163E-01
 0.30E+02   0.1927E+01  -0.2475E+00  -0.3069E-01   0.4686E-01  -0.3635E-01   0.1608E-01
 0.35E+02   0.1986E+01  -0.2812E+00   0.1788E-02   0.3166E-01  -0.2456E-01   0.1086E-01
 0.40E+02   0.2159E+01  -0.2946E+00  -0.1607E-02   0.1496E-01  -0.1161E-01   0.5134E-02
 0.45E+02   0.2333E+01  -0.2761E+00  -0.6461E-02  -0.2051E-01   0.1591E-01  -0.7034E-02
 0.50E+02   0.2522E+01  -0.2501E+00  -0.6444E-02  -0.1064E-01   0.8250E-02  -0.3649E-02
 0.55E+02   0.2708E+01  -0.2436E+00  -0.6283E-02   0.5173E-02  -0.4013E-02   0.1776E-02
 0.60E+02   0.2901E+01  -0.2743E+00  -0.7968E-02   0.1406E-01  -0.1090E-01   0.4824E-02
    2.00       0.0    0.00       0.0   -10.0     0.0     0.0
    19.0     7.0     0.0
-0.30E+02  -0.2501E+01   0.7413E+00   0.1576E+00   0.2034E-01  -0.1669E-01   0.8704E-02
-0.25E+02  -0.2117E+01   0.6490E+00   0.1698E+00   0.2523E-01  -0.2070E-01   0.1082E-01
-0.20E+02  -0.1674E+01   0.5470E+00   0.1800E+00   0.3115E-01  -0.2555E-01   0.1338E-01
-0.15E+02  -0.1204E+01   0.4355E+00   0.1873E+00   0.3563E-01  -0.2923E-01   0.1534E-01
-0.10E+02  -0.7590E+00   0.3185E+00   0.1914E+00   0.3838E-01  -0.3149E-01   0.1656E-01
-0.50E+01  -0.3736E+00   0.1993E+00   0.1920E+00   0.3935E-01  -0.3229E-01   0.1701E-01
 0.00E+00  -0.3858E-01   0.8867E-01   0.1892E+00   0.3858E-01  -0.3165E-01   0.1671E-01
 0.50E+01   0.2937E+00  -0.1757E-01   0.1831E+00   0.3781E-01  -0.3102E-01   0.1640E-01
 0.10E+02   0.6682E+00  -0.1183E+00   0.1743E+00   0.3858E-01  -0.3165E-01   0.1672E-01
 0.15E+02   0.1094E+01  -0.2014E+00   0.1630E+00   0.3989E-01  -0.3273E-01   0.1727E-01
 0.20E+02   0.1541E+01  -0.2731E+00   0.1494E+00   0.4049E-01  -0.3322E-01   0.1751E-01
 0.25E+02   0.1965E+01  -0.3410E+00   0.1336E+00   0.4055E-01  -0.3327E-01   0.1752E-01
 0.30E+02   0.2339E+01  -0.4133E+00   0.1159E+00   0.4018E-01  -0.3297E-01   0.1734E-01
 0.35E+02   0.2698E+01  -0.4812E+00   0.9711E-01   0.3926E-01  -0.3221E-01   0.1692E-01
 0.40E+02   0.3030E+01  -0.5568E+00   0.7784E-01   0.3772E-01  -0.3095E-01   0.1624E-01
 0.45E+02   0.3361E+01  -0.6514E+00   0.5832E-01   0.3484E-01  -0.2858E-01   0.1498E-01
 0.50E+02   0.3669E+01  -0.7437E+00   0.4053E-01   0.3138E-01  -0.2575E-01   0.1347E-01
 0.55E+02   0.3981E+01  -0.8485E+00   0.2456E-01   0.2727E-01  -0.2237E-01   0.1169E-01
 0.60E+02   0.4237E+01  -0.9414E+00   0.1153E-01   0.2414E-01  -0.1980E-01   0.1034E-01
    0.40       0.0    0.00       0.0    10.0     0.0     0.0
    19.0     7.0     0.0
-0.30E+02  -0.1934E+01   0.3275E+00  -0.3484E-01   0.6680E-02  -0.5181E-02   0.2291E-02
-0.25E+02  -0.2042E+01   0.3480E+00  -0.1166E-01  -0.2924E-01   0.2268E-01  -0.1003E-01
-0.20E+02  -0.1890E+01   0.2753E+00   0.4341E-02  -0.5776E-01   0.4480E-01  -0.1983E-01
-0.15E+02  -0.1557E+01   0.1690E+00   0.1904E-01  -0.7268E-01   0.5637E-01  -0.2496E-01
-0.10E+02  -0.1028E+01   0.4689E-01   0.2876E-01  -0.7195E-01   0.5581E-01  -0.2473E-01
-0.50E+01  -0.4618E+00  -0.6656E-01   0.3812E-01  -0.7069E-01   0.5483E-01  -0.2430E-01
 0.00E+00   0.7872E-01  -0.1710E+00   0.4250E-01  -0.7114E-01   0.5518E-01  -0.2445E-01
 0.50E+01   0.6129E+00  -0.2656E+00   0.4942E-01  -0.7017E-01   0.5443E-01  -0.2410E-01
 0.10E+02   0.1152E+01  -0.3320E+00   0.5238E-01  -0.5933E-01   0.4602E-01  -0.2037E-01
 0.15E+02   0.1638E+01  -0.3686E+00   0.5140E-01  -0.4054E-01   0.3145E-01  -0.1391E-01
 0.20E+02   0.1939E+01  -0.3871E+00   0.4977E-01  -0.2461E-01   0.1909E-01  -0.8442E-02
 0.25E+02   0.2063E+01  -0.3697E+00   0.3792E-01  -0.5175E-02   0.4014E-02  -0.1774E-02
 0.30E+02   0.1963E+01  -0.3261E+00   0.1535E-01   0.1432E-01  -0.1110E-01   0.4912E-02
 0.35E+02   0.1996E+01  -0.3014E+00   0.4803E-01   0.2458E-01  -0.1906E-01   0.8433E-02
 0.40E+02   0.2147E+01  -0.2689E+00   0.4577E-01   0.1979E-01  -0.1535E-01   0.6791E-02
 0.45E+02   0.2315E+01  -0.2368E+00   0.4491E-01  -0.3799E-02   0.2946E-02  -0.1303E-02
 0.50E+02   0.2523E+01  -0.2521E+00   0.4417E-01  -0.1060E-01   0.8223E-02  -0.3637E-02
 0.55E+02   0.2729E+01  -0.2898E+00   0.4372E-01  -0.1319E-01   0.1023E-01  -0.4524E-02
 0.60E+02   0.2932E+01  -0.3417E+00   0.4349E-01  -0.1362E-01   0.1056E-01  -0.4670E-02
    2.00       0.0    0.00       0.0    10.0     0.0     0.0
    19.0     7.0     0.0
-0.30E+02  -0.2448E+01   0.6192E+00   0.1046E+00  -0.3278E-01   0.2690E-01  -0.1408E-01
-0.25E+02  -0.2054E+01   0.5050E+00   0.1250E+00  -0.3742E-01   0.3070E-01  -0.1610E-01
-0.20E+02  -0.1603E+01   0.3835E+00   0.1439E+00  -0.4000E-01   0.3281E-01  -0.1725E-01
-0.15E+02  -0.1128E+01   0.2605E+00   0.1602E+00  -0.4052E-01   0.3325E-01  -0.1752E-01
-0.10E+02  -0.6815E+00   0.1405E+00   0.1732E+00  -0.3905E-01   0.3204E-01  -0.1692E-01
-0.50E+01  -0.2965E+00   0.2197E-01   0.1829E+00  -0.3782E-01   0.3103E-01  -0.1640E-01
 0.00E+00   0.3858E-01  -0.8867E-01   0.1892E+00  -0.3858E-01   0.3165E-01  -0.1671E-01
 0.50E+01   0.3709E+00  -0.1949E+00   0.1918E+00  -0.3936E-01   0.3230E-01  -0.1702E-01
 0.10E+02   0.7455E+00  -0.2961E+00   0.1903E+00  -0.3876E-01   0.3180E-01  -0.1673E-01
 0.15E+02   0.1172E+01  -0.3792E+00   0.1848E+00  -0.3745E-01   0.3073E-01  -0.1614E-01
 0.20E+02   0.1618E+01  -0.4487E+00   0.1758E+00  -0.3591E-01   0.2947E-01  -0.1546E-01
 0.25E+02   0.2039E+01  -0.5127E+00   0.1642E+00  -0.3416E-01   0.2803E-01  -0.1469E-01
 0.30E+02   0.2410E+01  -0.5788E+00   0.1509E+00  -0.3181E-01   0.2610E-01  -0.1367E-01
 0.35E+02   0.2766E+01  -0.6382E+00   0.1365E+00  -0.2908E-01   0.2386E-01  -0.1248E-01
 0.40E+02   0.3093E+01  -0.7027E+00   0.1219E+00  -0.2576E-01   0.2113E-01  -0.1104E-01
 0.45E+02   0.3418E+01  -0.7821E+00   0.1081E+00  -0.2202E-01   0.1807E-01  -0.9428E-02
 0.50E+02   0.3720E+01  -0.8606E+00   0.9535E-01  -0.1952E-01   0.1602E-01  -0.8349E-02
 0.55E+02   0.4026E+01  -0.9527E+00   0.8476E-01  -0.1805E-01   0.1481E-01  -0.7723E-02
 0.60E+02   0.4277E+01  -0.1035E+01   0.7663E-01  -0.1675E-01   0.1374E-01  -0.7190E-02
    0.40       0.0    0.00       0.0    20.0     0.0     0.0
    19.0     7.0     0.0
-0.30E+02  -0.1885E+01   0.2204E+00  -0.4690E-01  -0.4627E-01   0.3589E-01  -0.1588E-01
-0.25E+02  -0.1967E+01   0.1861E+00  -0.6415E-02  -0.1025E+00   0.7948E-01  -0.3518E-01
-0.20E+02  -0.1813E+01   0.1086E+00   0.2299E-01  -0.1311E+00   0.1017E+00  -0.4502E-01
-0.15E+02  -0.1481E+01   0.4675E-02   0.3976E-01  -0.1415E+00   0.1098E+00  -0.4863E-01
-0.10E+02  -0.9529E+00  -0.1170E+00   0.5357E-01  -0.1395E+00   0.1082E+00  -0.4794E-01
-0.50E+01  -0.3900E+00  -0.2224E+00   0.7286E-01  -0.1346E+00   0.1044E+00  -0.4627E-01
 0.00E+00   0.1343E+00  -0.2918E+00   0.8260E-01  -0.1191E+00   0.9241E-01  -0.4092E-01
 0.50E+01   0.6446E+00  -0.3345E+00   0.8452E-01  -0.9404E-01   0.7294E-01  -0.3229E-01
 0.10E+02   0.1161E+01  -0.3515E+00   0.8004E-01  -0.6041E-01   0.4685E-01  -0.2073E-01
 0.15E+02   0.1625E+01  -0.3402E+00   0.7299E-01  -0.1990E-01   0.1543E-01  -0.6827E-02
 0.20E+02   0.1913E+01  -0.3323E+00   0.6811E-01   0.5892E-02  -0.4570E-02   0.2025E-02
 0.25E+02   0.2041E+01  -0.3212E+00   0.5651E-01   0.2037E-01  -0.1580E-01   0.6992E-02
 0.30E+02   0.1954E+01  -0.3063E+00   0.3691E-01   0.2545E-01  -0.1974E-01   0.8734E-02
 0.35E+02   0.1994E+01  -0.2984E+00   0.7197E-01   0.2611E-01  -0.2026E-01   0.8962E-02
 0.40E+02   0.2150E+01  -0.2740E+00   0.7174E-01   0.1343E-01  -0.1042E-01   0.4611E-02
 0.45E+02   0.2324E+01  -0.2570E+00   0.7421E-01  -0.1358E-01   0.1053E-01  -0.4656E-02
 0.50E+02   0.2533E+01  -0.2739E+00   0.7491E-01  -0.1992E-01   0.1545E-01  -0.6831E-02
 0.55E+02   0.2738E+01  -0.3093E+00   0.7554E-01  -0.2070E-01   0.1605E-01  -0.7095E-02
 0.60E+02   0.2939E+01  -0.3576E+00   0.7636E-01  -0.1925E-01   0.1493E-01  -0.6599E-02
    2.00       0.0    0.00       0.0    20.0     0.0     0.0
    19.0     7.0     0.0
-0.30E+02  -0.2407E+01   0.5266E+00   0.1031E+00  -0.7307E-01   0.5996E-01  -0.3145E-01
-0.25E+02  -0.2013E+01   0.4117E+00   0.1292E+00  -0.7804E-01   0.6403E-01  -0.3366E-01
-0.20E+02  -0.1564E+01   0.2945E+00   0.1528E+00  -0.7869E-01   0.6457E-01  -0.3402E-01
-0.15E+02  -0.1092E+01   0.1763E+00   0.1735E+00  -0.7718E-01   0.6332E-01  -0.3342E-01
-0.10E+02  -0.6447E+00   0.5578E-01   0.1916E+00  -0.7592E-01   0.6229E-01  -0.3289E-01
-0.50E+01  -0.2595E+00  -0.6287E-01   0.2061E+00  -0.7473E-01   0.6131E-01  -0.3235E-01
 0.00E+00   0.7390E-01  -0.1698E+00   0.2164E+00  -0.7390E-01   0.6063E-01  -0.3194E-01
 0.50E+01   0.4033E+00  -0.2695E+00   0.2222E+00  -0.7181E-01   0.5892E-01  -0.3098E-01
 0.10E+02   0.7745E+00  -0.3627E+00   0.2230E+00  -0.6774E-01   0.5558E-01  -0.2918E-01
 0.15E+02   0.1197E+01  -0.4381E+00   0.2188E+00  -0.6307E-01   0.5174E-01  -0.2713E-01
 0.20E+02   0.1640E+01  -0.5006E+00   0.2106E+00  -0.5851E-01   0.4800E-01  -0.2514E-01
 0.25E+02   0.2059E+01  -0.5586E+00   0.1997E+00  -0.5411E-01   0.4439E-01  -0.2323E-01
 0.30E+02   0.2428E+01  -0.6189E+00   0.1872E+00  -0.4927E-01   0.4042E-01  -0.2113E-01
 0.35E+02   0.2781E+01  -0.6737E+00   0.1736E+00  -0.4453E-01   0.3654E-01  -0.1908E-01
 0.40E+02   0.3107E+01  -0.7347E+00   0.1601E+00  -0.3968E-01   0.3256E-01  -0.1698E-01
 0.45E+02   0.3430E+01  -0.8111E+00   0.1479E+00  -0.3465E-01   0.2843E-01  -0.1483E-01
 0.50E+02   0.3731E+01  -0.8865E+00   0.1364E+00  -0.3076E-01   0.2524E-01  -0.1317E-01
 0.55E+02   0.4036E+01  -0.9747E+00   0.1271E+00  -0.2761E-01   0.2265E-01  -0.1184E-01
 0.60E+02   0.4285E+01  -0.1052E+01   0.1199E+00  -0.2397E-01   0.1966E-01  -0.1030E-01
    0.40       0.0    0.00       0.0    25.0     0.0     0.0
    19.0     7.0     0.0
-0.30E+02  -0.1848E+01   0.1398E+00  -0.3479E-01  -0.8534E-01   0.6619E-01  -0.2930E-01
-0.25E+02  -0.1931E+01   0.1075E+00   0.8406E-02  -0.1378E+00   0.1069E+00  -0.4733E-01
-0.20E+02  -0.1778E+01   0.3251E-01   0.3905E-01  -0.1642E+00   0.1274E+00  -0.5642E-01
-0.15E+02  -0.1446E+01  -0.7213E-01   0.5758E-01  -0.1733E+00   0.1344E+00  -0.5955E-01
-0.10E+02  -0.9215E+00  -0.1851E+00   0.8003E-01  -0.1669E+00   0.1294E+00  -0.5734E-01
-0.50E+01  -0.3726E+00  -0.2602E+00   0.9420E-01  -0.1482E+00   0.1149E+00  -0.5090E-01
 0.00E+00   0.1404E+00  -0.3052E+00   0.9878E-01  -0.1215E+00   0.9423E-01  -0.4172E-01
 0.50E+01   0.6365E+00  -0.3170E+00   0.9423E-01  -0.8206E-01   0.6365E-01  -0.2817E-01
 0.10E+02   0.1144E+01  -0.3132E+00   0.8468E-01  -0.3886E-01   0.3014E-01  -0.1334E-01
 0.15E+02   0.1617E+01  -0.3226E+00   0.8151E-01  -0.8180E-02   0.6345E-02  -0.2804E-02
 0.20E+02   0.1910E+01  -0.3250E+00   0.7863E-01   0.1181E-01  -0.9158E-02   0.4056E-02
 0.25E+02   0.2041E+01  -0.3210E+00   0.6873E-01   0.2188E-01  -0.1697E-01   0.7512E-02
 0.30E+02   0.1956E+01  -0.3115E+00   0.5065E-01   0.2412E-01  -0.1871E-01   0.8279E-02
 0.35E+02   0.1997E+01  -0.3042E+00   0.8657E-01   0.2322E-01  -0.1801E-01   0.7972E-02
 0.40E+02   0.2152E+01  -0.2784E+00   0.8698E-01   0.9355E-02  -0.7256E-02   0.3215E-02
 0.45E+02   0.2327E+01  -0.2627E+00   0.9055E-01  -0.1639E-01   0.1272E-01  -0.5618E-02
 0.50E+02   0.2534E+01  -0.2776E+00   0.9141E-01  -0.2122E-01   0.1646E-01  -0.7272E-02
 0.55E+02   0.2740E+01  -0.3123E+00   0.9254E-01  -0.2133E-01   0.1655E-01  -0.7310E-02
 0.60E+02   0.2940E+01  -0.3602E+00   0.9399E-01  -0.1961E-01   0.1521E-01  -0.6716E-02
    2.00       0.0    0.00       0.0    25.0     0.0     0.0
    19.0     7.0     0.0
-0.30E+02  -0.2388E+01   0.4809E+00   0.1096E+00  -0.9295E-01   0.7626E-01  -0.4005E-01
-0.25E+02  -0.1995E+01   0.3698E+00   0.1377E+00  -0.9626E-01   0.7898E-01  -0.4156E-01
-0.20E+02  -0.1547E+01   0.2549E+00   0.1635E+00  -0.9594E-01   0.7872E-01  -0.4150E-01
-0.15E+02  -0.1074E+01   0.1358E+00   0.1871E+00  -0.9477E-01   0.7775E-01  -0.4103E-01
-0.10E+02  -0.6278E+00   0.1702E-01   0.2075E+00  -0.9278E-01   0.7612E-01  -0.4017E-01
-0.50E+01  -0.2441E+00  -0.9839E-01   0.2237E+00  -0.9018E-01   0.7399E-01  -0.3901E-01
 0.00E+00   0.8728E-01  -0.2006E+00   0.2351E+00  -0.8728E-01   0.7161E-01  -0.3769E-01
 0.50E+01   0.4143E+00  -0.2948E+00   0.2415E+00  -0.8283E-01   0.6796E-01  -0.3571E-01
 0.10E+02   0.7830E+00  -0.3823E+00   0.2424E+00  -0.7627E-01   0.6258E-01  -0.3283E-01
 0.15E+02   0.1204E+01  -0.4537E+00   0.2382E+00  -0.6988E-01   0.5734E-01  -0.3004E-01
 0.20E+02   0.1646E+01  -0.5143E+00   0.2304E+00  -0.6445E-01   0.5288E-01  -0.2767E-01
 0.25E+02   0.2065E+01  -0.5707E+00   0.2197E+00  -0.5936E-01   0.4870E-01  -0.2546E-01
 0.30E+02   0.2433E+01  -0.6294E+00   0.2076E+00  -0.5385E-01   0.4418E-01  -0.2307E-01
 0.35E+02   0.2786E+01  -0.6837E+00   0.1946E+00  -0.4885E-01   0.4008E-01  -0.2092E-01
 0.40E+02   0.3111E+01  -0.7437E+00   0.1816E+00  -0.4357E-01   0.3575E-01  -0.1865E-01
 0.45E+02   0.3433E+01  -0.8171E+00   0.1696E+00  -0.3726E-01   0.3057E-01  -0.1596E-01
 0.50E+02   0.3733E+01  -0.8914E+00   0.1586E+00  -0.3290E-01   0.2699E-01  -0.1409E-01
 0.55E+02   0.4036E+01  -0.9754E+00   0.1491E+00  -0.2793E-01   0.2292E-01  -0.1198E-01
 0.60E+02   0.4282E+01  -0.1047E+01   0.1410E+00  -0.2170E-01   0.1781E-01  -0.9323E-02
    0.40       0.0    0.00       0.0    30.0     0.0     0.0
    19.0     7.0     0.0
-0.30E+02  -0.1814E+01   0.6581E-01  -0.1674E-01  -0.1214E+00   0.9417E-01  -0.4170E-01
-0.25E+02  -0.1898E+01   0.3555E-01   0.2741E-01  -0.1700E+00   0.1319E+00  -0.5841E-01
-0.20E+02  -0.1745E+01  -0.3884E-01   0.5999E-01  -0.1951E+00   0.1513E+00  -0.6703E-01
-0.15E+02  -0.1416E+01  -0.1363E+00   0.8609E-01  -0.1992E+00   0.1545E+00  -0.6843E-01
-0.10E+02  -0.9061E+00  -0.2185E+00   0.1026E+00  -0.1783E+00   0.1383E+00  -0.6127E-01
-0.50E+01  -0.3682E+00  -0.2697E+00   0.1106E+00  -0.1487E+00   0.1153E+00  -0.5108E-01
 0.00E+00   0.1286E+00  -0.2794E+00   0.1058E+00  -0.1058E+00   0.8209E-01  -0.3635E-01
 0.50E+01   0.6206E+00  -0.2823E+00   0.9789E-01  -0.6221E-01   0.4825E-01  -0.2136E-01
 0.10E+02   0.1137E+01  -0.3000E+00   0.9307E-01  -0.2883E-01   0.2236E-01  -0.9894E-02
 0.15E+02   0.1615E+01  -0.3186E+00   0.9269E-01  -0.2743E-02   0.2128E-02  -0.9361E-03
 0.20E+02   0.1911E+01  -0.3272E+00   0.9185E-01   0.1325E-01  -0.1028E-01   0.4555E-02
 0.25E+02   0.2043E+01  -0.3253E+00   0.8314E-01   0.2121E-01  -0.1645E-01   0.7284E-02
 0.30E+02   0.1959E+01  -0.3165E+00   0.6586E-01   0.2289E-01  -0.1776E-01   0.7861E-02
 0.35E+02   0.1999E+01  -0.3077E+00   0.1024E+00   0.2117E-01  -0.1642E-01   0.7270E-02
 0.40E+02   0.2152E+01  -0.2799E+00   0.1033E+00   0.6568E-02  -0.5094E-02   0.2262E-02
 0.45E+02   0.2327E+01  -0.2626E+00   0.1071E+00  -0.1652E-01   0.1282E-01  -0.5660E-02
 0.50E+02   0.2534E+01  -0.2772E+00   0.1084E+00  -0.2064E-01   0.1601E-01  -0.7070E-02
 0.55E+02   0.2740E+01  -0.3118E+00   0.1101E+00  -0.2031E-01   0.1575E-01  -0.6956E-02
 0.60E+02   0.2940E+01  -0.3591E+00   0.1122E+00  -0.1825E-01   0.1416E-01  -0.6249E-02
    2.00       0.0    0.00       0.0    30.0     0.0     0.0
    19.0     7.0     0.0
-0.30E+02  -0.2370E+01   0.4397E+00   0.1200E+00  -0.1109E+00   0.9096E-01  -0.4782E-01
-0.25E+02  -0.1979E+01   0.3320E+00   0.1501E+00  -0.1127E+00   0.9248E-01  -0.4870E-01
-0.20E+02  -0.1530E+01   0.2166E+00   0.1789E+00  -0.1126E+00   0.9239E-01  -0.4871E-01
-0.15E+02  -0.1058E+01   0.9948E-01   0.2049E+00  -0.1106E+00   0.9073E-01  -0.4786E-01
-0.10E+02  -0.6135E+00  -0.1573E-01   0.2268E+00  -0.1070E+00   0.8781E-01  -0.4630E-01
-0.50E+01  -0.2321E+00  -0.1260E+00   0.2439E+00  -0.1022E+00   0.8384E-01  -0.4416E-01
 0.00E+00   0.9673E-01  -0.2223E+00   0.2556E+00  -0.9673E-01   0.7936E-01  -0.4174E-01
 0.50E+01   0.4210E+00  -0.3101E+00   0.2617E+00  -0.8948E-01   0.7342E-01  -0.3855E-01
 0.10E+02   0.7879E+00  -0.3936E+00   0.2626E+00  -0.8118E-01   0.6661E-01  -0.3491E-01
 0.15E+02   0.1208E+01  -0.4628E+00   0.2588E+00  -0.7385E-01   0.6059E-01  -0.3172E-01
 0.20E+02   0.1649E+01  -0.5218E+00   0.2512E+00  -0.6773E-01   0.5557E-01  -0.2906E-01
 0.25E+02   0.2068E+01  -0.5775E+00   0.2410E+00  -0.6234E-01   0.5115E-01  -0.2673E-01
 0.30E+02   0.2435E+01  -0.6356E+00   0.2293E+00  -0.5653E-01   0.4638E-01  -0.2422E-01
 0.35E+02   0.2788E+01  -0.6879E+00   0.2164E+00  -0.5069E-01   0.4159E-01  -0.2171E-01
 0.40E+02   0.3112E+01  -0.7460E+00   0.2035E+00  -0.4460E-01   0.3659E-01  -0.1910E-01
 0.45E+02   0.3433E+01  -0.8181E+00   0.1920E+00  -0.3768E-01   0.3091E-01  -0.1613E-01
 0.50E+02   0.3732E+01  -0.8877E+00   0.1803E+00  -0.3128E-01   0.2566E-01  -0.1340E-01
 0.55E+02   0.4032E+01  -0.9668E+00   0.1699E+00  -0.2419E-01   0.1985E-01  -0.1037E-01
 0.60E+02   0.4279E+01  -0.1038E+01   0.1620E+00  -0.1779E-01   0.1460E-01  -0.7638E-02
    0.40       0.0    5.00       0.0     0.0     0.0     0.0
    19.0     7.0     0.0
-0.30E+02  -0.1935E+01   0.3252E+00   0.2671E-01  -0.7999E-01  -0.2916E-01   0.4520E-02
-0.25E+02  -0.2056E+01   0.3803E+00   0.1037E-01  -0.9807E-01  -0.1655E-01  -0.6647E-03
-0.20E+02  -0.1939E+01   0.3827E+00   0.2162E-01  -0.1264E+00   0.5627E-02  -0.9476E-02
-0.15E+02  -0.1621E+01   0.3104E+00   0.2610E-01  -0.1541E+00   0.2822E-01  -0.1918E-01
-0.10E+02  -0.1104E+01   0.2124E+00   0.2954E-01  -0.1664E+00   0.3943E-01  -0.2552E-01
-0.50E+01  -0.5400E+00   0.1005E+00   0.3059E-01  -0.1663E+00   0.4140E-01  -0.2846E-01
 0.00E+00   0.2638E-02  -0.3859E-02   0.3186E-01  -0.1576E+00   0.3574E-01  -0.2798E-01
 0.50E+01   0.5398E+00  -0.1001E+00   0.3057E-01  -0.1683E+00   0.4157E-01  -0.3197E-01
 0.10E+02   0.1084E+01  -0.1799E+00   0.2902E-01  -0.1680E+00   0.3778E-01  -0.3159E-01
 0.15E+02   0.1579E+01  -0.2432E+00   0.2710E-01  -0.1672E+00   0.3576E-01  -0.2864E-01
 0.20E+02   0.1888E+01  -0.2848E+00   0.1962E-01  -0.1575E+00   0.2912E-01  -0.2118E-01
 0.25E+02   0.2030E+01  -0.3118E+00   0.8000E-02  -0.1398E+00   0.1742E-01  -0.1214E-01
 0.30E+02   0.1968E+01  -0.3232E+00   0.2617E-01  -0.1192E+00   0.4802E-02  -0.2326E-02
 0.35E+02   0.2001E+01  -0.3096E+00   0.2485E-01  -0.9671E-01  -0.1280E-01   0.2816E-03
 0.40E+02   0.2154E+01  -0.2876E+00   0.2290E-01  -0.7893E-01  -0.2361E-01   0.4178E-02
 0.45E+02   0.2316E+01  -0.2432E+00   0.2085E-01  -0.8342E-01  -0.1522E-01   0.1020E-02
 0.50E+02   0.2513E+01  -0.2356E+00   0.1880E-01  -0.8796E-01  -0.5796E-02  -0.3128E-02
 0.55E+02   0.2714E+01  -0.2600E+00   0.1682E-01  -0.8561E-01  -0.6952E-05  -0.4396E-02
 0.60E+02   0.2915E+01  -0.3087E+00   0.1496E-01  -0.7668E-01   0.1424E-02  -0.4326E-02
    2.00       0.0    5.00       0.0     0.0     0.0     0.0
    19.0     7.0     0.0
-0.30E+02  -0.2477E+01   0.6892E+00   0.1239E+00  -0.1681E+00  -0.1609E-03  -0.6561E-02
-0.25E+02  -0.2087E+01   0.5849E+00   0.1388E+00  -0.1760E+00   0.4289E-02  -0.9518E-02
-0.20E+02  -0.1644E+01   0.4687E+00   0.1521E+00  -0.1749E+00   0.8098E-02  -0.1252E-01
-0.15E+02  -0.1176E+01   0.3479E+00   0.1632E+00  -0.1621E+00   0.1067E-01  -0.1489E-01
-0.10E+02  -0.7267E+00   0.2264E+00   0.1714E+00  -0.1401E+00   0.1185E-01  -0.1669E-01
-0.50E+01  -0.3397E+00   0.1082E+00   0.1765E+00  -0.1254E+00   0.1193E-01  -0.1800E-01
 0.00E+00   0.1356E-02  -0.2190E-02   0.1783E+00  -0.1170E+00   0.9780E-02  -0.1793E-01
 0.50E+01   0.3397E+00  -0.1081E+00   0.1765E+00  -0.1265E+00   0.1218E-01  -0.2021E-01
 0.10E+02   0.7149E+00  -0.2063E+00   0.1714E+00  -0.1417E+00   0.1166E-01  -0.2077E-01
 0.15E+02   0.1139E+01  -0.2827E+00   0.1632E+00  -0.1708E+00   0.1557E-01  -0.2363E-01
 0.20E+02   0.1581E+01  -0.3566E+00   0.1521E+00  -0.1889E+00   0.1683E-01  -0.2416E-01
 0.25E+02   0.1999E+01  -0.4259E+00   0.1388E+00  -0.1959E+00   0.1783E-01  -0.2418E-01
 0.30E+02   0.2373E+01  -0.4966E+00   0.1239E+00  -0.1933E+00   0.1809E-01  -0.2276E-01
 0.35E+02   0.2730E+01  -0.5618E+00   0.1080E+00  -0.1895E+00   0.1789E-01  -0.2107E-01
 0.40E+02   0.3060E+01  -0.6335E+00   0.9178E-01  -0.1807E+00   0.1669E-01  -0.1904E-01
 0.45E+02   0.3388E+01  -0.7216E+00   0.7612E-01  -0.1676E+00   0.1331E-01  -0.1623E-01
 0.50E+02   0.3695E+01  -0.8082E+00   0.6168E-01  -0.1531E+00   0.1099E-01  -0.1337E-01
 0.55E+02   0.4003E+01  -0.9066E+00   0.4917E-01  -0.1371E+00   0.8571E-02  -0.1094E-01
 0.60E+02   0.4258E+01  -0.9943E+00   0.3918E-01  -0.1184E+00   0.5763E-02  -0.7171E-02
    0.40       0.0   10.00       0.0     0.0     0.0     0.0
    19.0     7.0     0.0
-0.30E+02  -0.1940E+01   0.3274E+00   0.2641E-01  -0.1792E+00  -0.4426E-01   0.2755E-02
-0.25E+02  -0.2027E+01   0.3269E+00   0.6481E-02  -0.2034E+00  -0.2828E-01  -0.3261E-02
-0.20E+02  -0.1901E+01   0.3046E+00   0.2172E-01  -0.2619E+00   0.1683E-01  -0.2120E-01
-0.15E+02  -0.1587E+01   0.2420E+00   0.3151E-01  -0.3047E+00   0.5136E-01  -0.3584E-01
-0.10E+02  -0.1082E+01   0.1727E+00   0.3639E-01  -0.3316E+00   0.7375E-01  -0.4830E-01
-0.50E+01  -0.5345E+00   0.9840E-01   0.3537E-01  -0.3584E+00   0.9600E-01  -0.6198E-01
 0.00E+00   0.1206E-01  -0.1713E-01   0.3717E-01  -0.3284E+00   0.7266E-01  -0.5628E-01
 0.50E+01   0.5493E+00  -0.1242E+00   0.3602E-01  -0.3518E+00   0.8749E-01  -0.6683E-01
 0.10E+02   0.1081E+01  -0.1717E+00   0.3634E-01  -0.3398E+00   0.7399E-01  -0.6287E-01
 0.15E+02   0.1551E+01  -0.1991E+00   0.3247E-01  -0.3247E+00   0.6129E-01  -0.5295E-01
 0.20E+02   0.1836E+01  -0.1964E+00   0.2458E-01  -0.3190E+00   0.5967E-01  -0.4346E-01
 0.25E+02   0.1956E+01  -0.1986E+00   0.1021E-01  -0.2860E+00   0.3910E-01  -0.2569E-01
 0.30E+02   0.1921E+01  -0.1909E+00   0.2883E-01  -0.2442E+00   0.1322E-01  -0.6609E-02
 0.35E+02   0.1966E+01  -0.2246E+00   0.2547E-01  -0.2126E+00  -0.1114E-01  -0.5501E-02
 0.40E+02   0.2147E+01  -0.2806E+00   0.2270E-01  -0.1718E+00  -0.3689E-01   0.3879E-02
 0.45E+02   0.2332E+01  -0.2859E+00   0.2071E-01  -0.1619E+00  -0.3481E-01   0.3915E-02
 0.50E+02   0.2516E+01  -0.2585E+00   0.1871E-01  -0.1733E+00  -0.1410E-01  -0.5086E-02
 0.55E+02   0.2713E+01  -0.2688E+00   0.1676E-01  -0.1695E+00  -0.1895E-02  -0.7994E-02
 0.60E+02   0.2910E+01  -0.3093E+00   0.1493E-01  -0.1538E+00   0.2674E-02  -0.8604E-02
    2.00       0.0   10.00       0.0     0.0     0.0     0.0
    19.0     7.0     0.0
-0.30E+02  -0.2467E+01   0.6745E+00   0.1212E+00  -0.3407E+00   0.1605E-02  -0.1397E-01
-0.25E+02  -0.2072E+01   0.5666E+00   0.1356E+00  -0.3543E+00   0.9480E-02  -0.1929E-01
-0.20E+02  -0.1645E+01   0.4503E+00   0.1482E+00  -0.3591E+00   0.1636E-01  -0.2488E-01
-0.15E+02  -0.1192E+01   0.3311E+00   0.1587E+00  -0.3448E+00   0.2084E-01  -0.2927E-01
-0.10E+02  -0.7464E+00   0.2154E+00   0.1666E+00  -0.3114E+00   0.2313E-01  -0.3278E-01
-0.50E+01  -0.3479E+00   0.1046E+00   0.1714E+00  -0.2874E+00   0.2741E-01  -0.3733E-01
 0.00E+00   0.6916E-02  -0.1160E-01   0.1731E+00  -0.2701E+00   0.1997E-01  -0.3617E-01
 0.50E+01   0.3601E+00  -0.1234E+00   0.1714E+00  -0.2878E+00   0.2598E-01  -0.4183E-01
 0.10E+02   0.7442E+00  -0.2144E+00   0.1666E+00  -0.3165E+00   0.2379E-01  -0.4259E-01
 0.15E+02   0.1167E+01  -0.2910E+00   0.1587E+00  -0.3528E+00   0.2259E-01  -0.4320E-01
 0.20E+02   0.1589E+01  -0.3533E+00   0.1482E+00  -0.3796E+00   0.2761E-01  -0.4526E-01
 0.25E+02   0.1981E+01  -0.4020E+00   0.1356E+00  -0.3945E+00   0.3681E-01  -0.4893E-01
 0.30E+02   0.2356E+01  -0.4690E+00   0.1212E+00  -0.3907E+00   0.3765E-01  -0.4629E-01
 0.35E+02   0.2709E+01  -0.5341E+00   0.1059E+00  -0.3813E+00   0.3693E-01  -0.4274E-01
 0.40E+02   0.3044E+01  -0.6178E+00   0.9030E-01  -0.3600E+00   0.3151E-01  -0.3710E-01
 0.45E+02   0.3367E+01  -0.6950E+00   0.7511E-01  -0.3389E+00   0.2895E-01  -0.3364E-01
 0.50E+02   0.3677E+01  -0.7854E+00   0.6106E-01  -0.3109E+00   0.2501E-01  -0.2842E-01
 0.55E+02   0.3987E+01  -0.8895E+00   0.4882E-01  -0.2783E+00   0.1959E-01  -0.2318E-01
 0.60E+02   0.4248E+01  -0.9858E+00   0.3901E-01  -0.2387E+00   0.1220E-01  -0.1474E-01
    0.40  100000.0    0.00       0.0     0.0     0.0     0.0
    19.0     7.0     0.0
-0.30E+02  -0.1963E+01   0.3000E+00   0.2430E-01   0.1355E-06  -0.3043E-07   0.5320E-08
-0.25E+02  -0.1922E+01   0.3855E+00   0.4521E-01   0.1208E-06  -0.1536E-07   0.5320E-08
-0.20E+02  -0.1816E+01   0.3800E+00   0.5768E-01   0.1111E-06  -0.7827E-08  -0.5320E-08
-0.15E+02  -0.1548E+01   0.3232E+00   0.6367E-01   0.1136E-06  -0.1534E-07   0.0000E+00
-0.10E+02  -0.1065E+01   0.2096E+00   0.6608E-01   0.7005E-07  -0.3955E-08  -0.2660E-08
-0.50E+01  -0.5196E+00   0.9849E-01   0.6777E-01   0.3503E-07  -0.1977E-08  -0.1330E-08
 0.00E+00   0.0000E+00   0.0000E+00   0.6823E-01   0.0000E+00   0.0000E+00   0.0000E+00
 0.50E+01   0.5145E+00  -0.9109E-01   0.6779E-01  -0.3017E-07  -0.1791E-08   0.1330E-08
 0.10E+02   0.1043E+01  -0.1765E+00   0.6625E-01  -0.8466E-07   0.1902E-07   0.0000E+00
 0.15E+02   0.1506E+01  -0.2508E+00   0.6314E-01  -0.1379E-06   0.3794E-07   0.5320E-08
 0.20E+02   0.1779E+01  -0.3032E+00   0.5735E-01  -0.1208E-06   0.1536E-07   0.5320E-08
 0.25E+02   0.1902E+01  -0.3266E+00   0.4519E-01  -0.1208E-06   0.1536E-07   0.0000E+00
 0.30E+02   0.1976E+01  -0.3227E+00   0.2429E-01  -0.1039E-06   0.7806E-08   0.5320E-08
 0.35E+02   0.2134E+01  -0.3249E+00   0.5247E-01  -0.1160E-06   0.1535E-07   0.0000E+00
 0.40E+02   0.2337E+01  -0.3041E+00   0.4843E-01  -0.1403E-06   0.3044E-07  -0.1064E-07
 0.45E+02   0.2534E+01  -0.2437E+00   0.4427E-01  -0.1208E-06   0.7855E-08   0.5320E-08
 0.50E+02   0.2759E+01  -0.2584E+00   0.4011E-01  -0.1353E-06   0.7896E-08   0.5320E-08
 0.55E+02   0.2974E+01  -0.2983E+00   0.3608E-01  -0.1402E-06   0.1542E-07   0.1064E-07
 0.60E+02   0.3164E+01  -0.3525E+00   0.3229E-01  -0.1644E-06   0.2300E-07   0.0000E+00
    2.00  100000.0    0.00       0.0     0.0     0.0     0.0
    19.0     7.0     0.0
-0.30E+02  -0.2481E+01   0.6945E+00   0.1368E+00   0.1410E-06  -0.3991E-07  -0.5320E-08
-0.25E+02  -0.2091E+01   0.5910E+00   0.1526E+00   0.1041E-06  -0.1911E-07  -0.7979E-08
-0.20E+02  -0.1643E+01   0.4754E+00   0.1666E+00   0.1012E-06  -0.2933E-07  -0.2660E-08
-0.15E+02  -0.1169E+01   0.3536E+00   0.1783E+00   0.6584E-07  -0.1138E-07  -0.2660E-08
-0.10E+02  -0.7206E+00   0.2303E+00   0.1870E+00   0.3632E-07  -0.2162E-08  -0.3990E-08
-0.50E+01  -0.3343E+00   0.1089E+00   0.1924E+00   0.2144E-07  -0.4168E-08  -0.6649E-09
 0.00E+00   0.0000E+00   0.0000E+00   0.1942E+00   0.0000E+00   0.0000E+00   0.0000E+00
 0.50E+01   0.3315E+00  -0.1045E+00   0.1924E+00  -0.2337E-07   0.5750E-08  -0.6649E-09
 0.10E+02   0.7067E+00  -0.2070E+00   0.1870E+00  -0.4830E-07   0.1436E-07   0.2660E-08
 0.15E+02   0.1134E+01  -0.2931E+00   0.1783E+00  -0.5895E-07   0.1047E-07   0.1330E-07
 0.20E+02   0.1582E+01  -0.3661E+00   0.1666E+00  -0.9192E-07   0.2014E-07   0.0000E+00
 0.25E+02   0.2005E+01  -0.4342E+00   0.1526E+00  -0.1096E-06   0.2513E-07   0.2660E-08
 0.30E+02   0.2379E+01  -0.5057E+00   0.1368E+00  -0.1025E-06   0.8279E-08   0.1064E-07
 0.35E+02   0.2737E+01  -0.5714E+00   0.1200E+00  -0.1394E-06   0.2908E-07  -0.2660E-08
 0.40E+02   0.3068E+01  -0.6435E+00   0.1029E+00  -0.1486E-06   0.3030E-07   0.0000E+00
 0.45E+02   0.3396E+01  -0.7315E+00   0.8633E-01  -0.1609E-06   0.3724E-07   0.1064E-07
 0.50E+02   0.3701E+01  -0.8158E+00   0.7102E-01  -0.1638E-06   0.2702E-07   0.5320E-08
 0.55E+02   0.4008E+01  -0.9112E+00   0.5770E-01  -0.1715E-06   0.3334E-07   0.2660E-07
 0.60E+02   0.4261E+01  -0.9969E+00   0.4697E-01  -0.2053E-06   0.4843E-07   0.0000E+00
